0.884837
0.045544
0.083425
0.131484
0.920217
0.068342
0.096739
0.049905
0.89465
0.266867
0.933557
0.094521
0.911373
0.050267
0.896533
0.046325
0.876937
0.23142
0.057275
0.9556
0.089924
0.473317
0.060226
0.88772
0.09705
0.073366
0.884777
0.934991
0.665325
0.321835
0.050249
0.952932
0.951477
0.453227
0.813344
0.845325
0.115173
0.049924
0.050436
0.398524
0.430812
0.931181
0.071487
0.070129
0.048673
0.635521
0.060693
0.881699
0.607791
0.039597
0.074597
0.043388
0.07913
0.105247
0.654791
0.775266
0.051646
0.494506
0.080631
0.098455
0.052202
0.917593
0.494098
0.699861
0.77342
0.135492
0.959026
0.050806
0.932655
0.898661
0.953467
0.23609
0.120404
0.056079
0.069925
0.855707
0.046929
0.087638
0.0814
0.068116
0.267466
0.238022
0.064554
0.952703
0.084097
0.582914
0.05057
0.056484
0.07603
0.056651
0.445478
0.531228
0.126186
0.074877
0.077518
0.051806
0.071081
0.04501
0.040012
0.867373
0.895131
0.269481
0.12691
0.059231
0.05628
0.171861
0.051906
0.371932
0.12399
0.090279
0.932186
0.059107
0.317235
0.055487
0.062571
0.071338
0.115305
0.940128
0.840148
0.053279
0.920751
0.423731
0.595109
0.792134
0.054304
0.089411
0.086007
0.05405
0.076968
0.050647
0.714607
0.946789
0.90179
0.202904
0.046071
0.076842
0.08128
0.076631
0.79073
0.118069
0.049544
0.108306
0.857399
0.071063
0.531732
0.07113
0.267415
0.094741
0.212476
0.059912
0.05387
0.063969
0.935515
0.619716
0.853528
0.05904
0.087209
0.914896
0.864309
0.050744
0.048499
0.902188
0.875969
0.091778
0.88188
0.953276
0.327924
0.754969
0.074252
0.060578
0.433367
0.055765
0.093408
0.051314
0.925777
0.054027
0.04732
0.177013
0.07743
0.072818
0.056118
0.062372
0.09887
0.120083
0.308337
0.046851
0.910523
0.054204
0.085373
0.05846
0.480552
0.047887
0.057435
0.119031
0.872878
0.055636
0.061657
0.054105
0.901671
0.078306
0.057979
0.050374
0.08787
0.392595
0.472174
0.924909
0.138107
0.102639
0.805764
0.919893
0.18096
0.074874
0.937836
0.053324
0.093261
0.066366
0.207523
0.656238
0.052455
0.095431
0.055053
0.757403
0.904686
0.056203
0.928246
0.054988
0.939023
0.110781
0.893488
0.909475
0.432659
0.06436
0.06357
0.051514
0.084907
0.077251
0.085446
0.565575
0.095191
0.066417
0.059932
0.87662
0.125896
0.058388
0.052906
0.110783
0.060934
0.059687
0.953611
0.056562
0.139485
0.053207
0.939557
0.073618
0.063601
0.083965
0.049828
0.909911
0.059212
0.059898
0.081362
0.924421
0.167037
0.075032
0.897115
0.051965
0.682894
0.214584
0.125291
0.909249
0.120297
0.057718
0.815905
0.053774
0.944955
0.935456
0.866706
0.793638
0.067569
0.866558
0.091639
0.93061
0.043539
0.054309
0.223463
0.89262
0.770495
0.085846
0.057497
0.802367
0.057592
0.04647
0.920479
0.048107
0.05957
0.865055
0.056442
0.462837
0.053598
0.093408
0.122616
0.065398
0.055711
0.857681
0.137064
0.099273
0.913671
0.170878
0.938383
0.947447
0.090369
0.082657
0.052571
0.075717
0.048894
0.079314
0.928048
0.65062
0.085304
0.819295
0.077288
0.048208
0.045681
0.086055
0.043802
0.048171
0.062474
0.100461
0.050062
0.084182
0.098863
0.070251
0.064431
0.045555
0.084327
0.895654
0.04886
0.063102
0.893865
0.058611
0.060622
0.055815
0.057727
0.079538
0.92975
0.063532
0.053311
0.136227
0.092518
0.069499
0.944079
0.067996
0.890758
0.058351
0.928422
0.936322
0.056824
0.096737
0.070222
0.089344
0.057175
0.312831
0.294665
0.268187
0.099688
0.170353
0.924115
0.058903
0.953623
0.69667
0.152362
0.314219
0.049544
0.311005
0.057431
0.15389
0.9382
0.951026
0.897316
0.500146
0.045845
0.835311
0.499986
0.12663
0.047047
0.056295
0.078445
0.941877
0.94508
0.624725
0.831243
0.471423
0.119799
0.502565
0.938615
0.067382
0.04949
0.076993
0.058098
0.051394
0.069228
0.940617
0.618119
0.052408
0.063681
0.055021
0.054116
0.918822
0.358342
0.926891
0.499697
0.094583
0.890226
0.932292
0.919774
0.451414
0.046487
0.830671
0.056842
0.10544
0.861046
0.853545
0.088232
0.94797
0.050877
0.149416
0.053107
0.838166
0.072662
0.928756
0.056964
0.24458
0.126996
0.048236
0.901094
0.18373
0.064699
0.054949
0.909469
0.7981
0.092646
0.049144
0.06372
0.123593
0.125935
0.855714
0.098535
0.071393
0.051792
0.061926
0.06766
0.951921
0.056394
0.194611
0.059029
0.910166
0.058055
0.91881
0.052141
0.90795
0.909743
0.213532
0.060674
0.85636
0.404108
0.054711
0.890471
0.950592
0.953436
0.930563
0.098834
0.049427
0.084433
0.500061
0.53822
0.053934
0.08988
0.093551
0.078035
0.044303
0.709038
0.322717
0.07455
0.055759
0.895797
0.102229
0.07074
0.08859
0.949935
0.872874
0.061511
0.041944
0.077637
0.085893
0.052895
0.067556
0.055618
0.057803
0.046997
0.050686
0.500001
0.055095
0.931646
0.475253
0.059182
0.879527
0.088061
0.072679
0.804626
0.620949
0.074774
0.361043
0.964193
0.928759
0.063264
0.785015
0.163676
0.090356
0.103026
0.11307
0.061392
0.959609
0.057445
0.062669
0.897445
0.224069
0.113158
0.064404
0.93463
0.921042
0.482523
0.448534
0.056679
0.057327
0.054542
0.093405
0.067899
0.080756
0.048606
0.078373
0.687646
0.049618
0.928118
0.30528
0.080334
0.081723
0.055928
0.062517
0.342091
0.1646
0.102737
0.060347
0.056353
0.916647
0.944149
0.110964
0.049949
0.45349
0.069587
0.07163
0.073414
0.117582
0.051464
0.05304
0.941926
0.957243
0.854685
0.083209
0.630355
0.052802
0.883643
0.931483
0.055686
0.06639
0.072201
0.906588
0.254689
0.134
0.887264
0.155109
0.140555
0.935323
0.067437
0.378608
0.069072
0.043065
0.853284
0.077078
0.808497
0.858063
0.076257
0.254304
0.056084
0.276677
0.135063
0.04786
0.043123
0.083861
0.907471
0.062972
0.05881
0.06418
0.082756
0.052889
0.888862
0.948176
0.05843
0.064772
0.909753
0.059383
0.884149
0.908079
0.118432
0.062278
0.912273
0.069922
0.060396
0.248891
0.076151
0.321621
0.102612
0.088571
0.926697
0.049208
0.110571
0.889774
0.405141
0.047244
0.063361
0.040417
0.046524
0.785786
0.13167
0.500359
0.076302
0.7082
0.079257
0.076346
0.965052
0.204689
0.081113
0.076204
0.058484
0.080101
0.890215
0.053339
0.073656
0.065985
0.887477
0.058274
0.942143
0.93883
0.05785
0.067036
0.060377
0.811165
0.909761
0.053658
0.060615
0.072398
0.049444
0.859444
0.174708
0.09143
0.075978
0.062112
0.05967
0.048032
0.05677
0.951318
0.07693
0.826819
0.085722
0.066901
0.149947
0.174623
0.059185
0.048146
0.100548
0.842247
0.0749
0.067414
0.062975
0.733656
0.943054
0.613971
0.076119
0.085495
0.906487
0.047101
0.062518
0.043591
0.94289
0.433768
0.044909
0.831106
0.083747
0.069977
0.915761
0.629711
0.069462
0.355762
0.06316
0.637969
0.937093
0.909659
0.439904
0.086623
0.050945
0.060885
0.500263
0.941682
0.123573
0.942095
0.046834
0.156848
0.381523
0.920759
0.091455
0.074161
0.912693
0.0587
0.065484
0.10085
0.044638
0.106609
0.094832
0.070667
0.093154
0.056367
0.047996
0.554376
0.894287
0.951716
0.053051
0.090182
0.945384
0.499647
0.874925
0.561805
0.084261
0.132348
0.89776
0.049041
0.16643
0.093342
0.936278
0.118804
0.063215
0.070969
0.834596
0.8538
0.169956
0.103183
0.166597
0.908532
0.94569
0.837703
0.052887
0.116101
0.89823
0.717738
0.06493
0.106567
0.499616
0.872932
0.926287
0.102255
0.063469
0.891209
0.893072
0.880934
0.043875
0.106993
0.944399
0.058973
0.052717
0.119346
0.879634
0.078659
0.071787
0.052664
0.084138
0.089503
0.078243
0.055649
0.047664
0.919731
0.088085
0.104774
0.050191
0.130757
0.051444
0.083235
0.072128
0.928519
0.902921
0.097161
0.925241
0.059408
0.050785
0.074864
0.181537
0.935697
0.074779
0.070499
0.048758
0.916149
0.091285
0.082298
0.82158
0.077131
0.070734
0.940477
0.129802
0.877636
0.837275
0.140533
0.117045
0.058104
0.046754
0.055997
0.055551
0.945451
0.058632
0.100039
0.05422
0.937067
0.185522
0.906025
0.044724
0.063523
0.054999
0.482577
0.080305
0.888335
0.884794
0.110593
0.500227
0.062327
0.056119
0.051691
0.101784
0.842924
0.913783
0.096488
0.051637
0.055535
0.18313
0.906005
0.06535
0.919346
0.061822
0.499909
0.946033
0.071783
0.484965
0.065164
0.125691
0.063754
0.565305
0.119723
0.499997
0.931114
0.127057
0.04514
0.049157
0.062799
0.051698
0.053556
0.052457
0.0499
0.685159
0.042773
0.069012
0.943526
0.12681
0.083185
0.04489
0.870127
0.051838
0.868634
0.061833
0.090436
0.066579
0.575655
0.146198
0.684483
0.066974
0.786958
0.957851
0.092651
0.694494
0.201675
0.049351
0.082587
0.049856
0.59822
0.109709
0.077771
0.917398
0.056874
0.062141
0.051477
0.060047
0.959962
0.047436
0.766204
0.092153
0.90723
0.132473
0.944345
0.817914
0.93854
0.068778
0.062723
0.09987
0.066473
0.049821
0.053183
0.075302
0.093501
0.064243
0.342192
0.179847
0.275454
0.725166
0.054144
0.08708
0.05557
0.898226
0.052429
0.954288
0.042878
0.061178
0.686915
0.950737
0.088852
0.844018
0.055942
0.054617
0.324958
0.786686
0.057736
0.046273
0.058842
0.844395
0.186857
0.051815
0.072091
0.108803
0.074002
0.881469
0.751785
0.051562
0.500018
0.934276
0.681398
0.346909
0.902202
0.922242
0.079352
0.074383
0.063362
0.062236
0.910618
0.932797
0.930043
0.903612
0.138282
0.080192
0.104906
0.12173
0.499673
0.099929
0.181084
0.058495
0.104652
0.580306
0.050103
0.148657
0.821478
0.152991
0.063293
0.300279
0.924575
0.098999
0.096203
0.366643
0.218572
0.066968
0.074521
0.063392
0.101384
0.057844
0.04113
0.059195
0.061792
0.194646
0.955681
0.056897
0.934908
0.700063
0.047466
0.903718
0.053282
0.053733
0.141552
0.069706
0.499613
0.117628
0.088354
0.791522
0.662061
0.070508
0.911023
0.807252
0.832326
0.053803
0.051842
0.905876
0.647749
0.105682
0.053725
0.937559
0.086501
0.253635
0.426524
0.045422
0.895301
0.888005
0.173309
0.068917
0.117021
0.06108
0.040612
0.073869
0.527647
0.75438
0.08535
0.160804
0.050855
0.064753
0.058603
0.851205
0.891851
0.086975
0.057508
0.069346
0.094477
0.788945
0.879071
0.132946
0.058954
0.049422
0.095966
0.897466
0.058158
0.061751
0.942375
0.081124
0.087614
0.940663
0.089638
0.320358
0.064307
0.500078
0.894776
0.061642
0.073112
0.046238
0.942189
0.875778
0.088253
0.164537
0.958037
0.193518
0.044622
0.8941
0.49995
0.502263
0.089664
0.076653
0.053437
0.055043
0.106179
0.950997
0.053292
0.939637
0.140224
0.061109
0.058301
0.890779
0.331888
0.079529
0.552403
0.088975
0.932813
0.105914
0.565468
0.108836
0.070342
0.051056
0.894614
0.042169
0.065212
0.070638
0.066285
0.083532
0.464056
0.055629
0.081447
0.058487
0.925734
0.052592
0.044039
0.360725
0.51673
0.108314
0.043416
0.069632
0.074201
0.895439
0.884647
0.070519
0.04908
0.084649
0.936135
0.071305
0.063527
0.291211
0.055637
0.109438
0.539921
0.192701
0.101506
0.054849
0.058125
0.887304
0.054682
0.116108
0.724395
0.052706
0.053872
0.930106
0.083022
0.104546
0.817975
0.05919
0.914552
0.874526
0.062614
0.065951
0.060032
0.878248
0.864971
0.557127
0.878119
0.060347
0.499702
0.242693
0.053324
0.057315
0.047852
0.872628
0.058352
0.073488
0.059182
0.049012
0.887409
0.919861
0.073781
0.09364
0.076431
0.084541
0.886378
0.052212
0.799523
0.40885
0.082565
0.889033
0.060689
0.886011
0.10567
0.043569
0.053068
0.751345
0.832838
0.144864
0.944465
0.311756
0.929112
0.83023
0.137684
0.087802
0.053529
0.100563
0.499714
0.786396
0.071442
0.137665
0.067758
0.806236
0.066778
0.099255
0.947261
0.043066
0.052294
0.637166
0.208623
0.046196
0.058682
0.057163
0.499764
0.172633
0.073677
0.096542
0.055843
0.044891
0.057336
0.082633
0.063433
0.087047
0.103151
0.064482
0.50009
0.054973
0.049893
0.615286
0.078894
0.055436
0.499962
0.656351
0.252453
0.092425
0.500201
0.571953
0.808259
0.040654
0.047707
0.054964
0.933021
0.057083
0.169457
0.061173
0.954749
0.07195
0.079043
0.079436
0.920956
0.049814
0.080524
0.321668
0.912037
0.602823
0.045519
0.04575
0.079161
0.11006
0.951631
0.057702
0.089373
0.895505
0.959274
0.0746
0.084814
0.048571
0.953678
0.878349
0.457618
0.821938
0.037501
0.075314
0.050951
0.064947
0.071593
0.912864
0.926951
0.859489
0.057352
0.074997
0.834572
0.084499
0.075899
0.820019
0.052549
0.049575
0.081314
0.071189
0.059909
0.694923
0.088315
0.053682
0.124364
0.942075
0.078027
0.46761
0.094357
0.482095
0.05851
0.069761
0.044153
0.062534
0.130129
0.311637
0.059229
0.055653
0.929504
0.075857
0.054775
0.049428
0.301975
0.868462
0.940495
0.046327
0.062911
0.101869
0.077164
0.050049
0.929429
0.102255
0.834746
0.05918
0.921219
0.053543
0.105878
0.052067
0.92308
0.066741
0.079939
0.068451
0.047486
0.868483
0.10414
0.056211
0.069718
0.048078
0.04804
0.784539
0.052059
0.206481
0.876599
0.81684
0.506926
0.070084
0.053034
0.050709
0.06666
0.065571
0.103603
0.051051
0.059092
0.062651
0.051749
0.916105
0.876244
0.046076
0.045891
0.73675
0.09587
0.096413
0.928564
0.059568
0.059835
0.938323
0.390338
0.928303
0.062578
0.937126
0.048386
0.442083
0.049177
0.967915
0.190882
0.059946
0.943452
0.379976
0.931859
0.943252
0.944856
0.948867
0.117896
0.049722
0.045154
0.121158
0.055032
0.075106
0.655443
0.062015
0.500185
0.056368
0.779324
0.091036
0.603676
0.25662
0.073597
0.061786
0.082892
0.06889
0.812067
0.129889
0.069371
0.052543
0.944905
0.065992
0.104543
0.088771
0.139256
0.054488
0.416185
0.049083
0.146792
0.058276
0.058901
0.956718
0.050494
0.942562
0.063659
0.881397
0.12065
0.908093
0.724368
0.057662
0.091127
0.052562
0.062879
0.056408
0.079351
0.06804
0.052254
0.052133
0.852615
0.063511
0.940846
0.091561
0.315544
0.087272
0.054203
0.573125
0.735631
0.245731
0.171454
0.16479
0.500019
0.050269
0.079306
0.056103
0.155507
0.082222
0.07075
0.071298
0.138735
0.086763
0.148257
0.049898
0.841745
0.164164
0.947014
0.052048
0.055334
0.4999
0.060869
0.076659
0.916732
0.061749
0.123097
0.062175
0.348591
0.052424
0.92125
0.061696
0.772571
0.053738
0.050684
0.238329
0.063293
0.15775
0.391029
0.859655
0.91583
0.052865
0.083739
0.102157
0.052984
0.082326
0.391
0.878673
0.066897
0.945691
0.089527
0.055707
0.053556
0.943471
0.271092
0.868518
0.861975
0.281662
0.06354
0.048951
0.346671
0.041984
0.067727
0.046989
0.093689
0.869328
0.945575
0.924726
0.06474
0.844695
0.939128
0.062418
0.157645
0.924781
0.069042
0.117769
0.119298
0.07824
0.475122
0.064885
0.055553
0.264951
0.870797
0.067775
0.500312
0.053957
0.092632
0.3052
0.062513
0.059843
0.304907
0.072538
0.081847
0.090952
0.058372
0.065547
0.211404
0.209569
0.081327
0.95297
0.46329
0.065318
0.933947
0.100868
0.786969
0.921658
0.059138
0.046117
0.050298
0.927321
0.910616
0.057156
0.07123
0.721156
0.328436
0.054526
0.049579
0.087083
0.044003
0.912641
0.041621
0.072565
0.06213
0.075344
0.079188
0.074082
0.046191
0.048675
0.061981
0.060602
0.915433
0.930371
0.11264
0.090603
0.045859
0.220269
0.071196
0.900791
0.078215
0.075375
0.06161
0.935248
0.047974
0.066746
0.271961
0.928599
0.916068
0.063205
0.063017
0.13384
0.11053
0.109541
0.070263
0.052161
0.937173
0.070792
0.837033
0.500151
0.068207
0.052932
0.843746
0.112222
0.932665
0.797717
0.04364
0.659649
0.500262
0.060813
0.07076
0.915971
0.919867
0.079474
0.700279
0.099374
0.534642
0.765305
0.328394
0.051549
0.747098
0.732617
0.909733
0.047772
0.224469
0.050642
0.930015
0.240111
0.059423
0.100559
0.900847
0.108672
0.745762
0.047417
0.043872
0.853525
0.75201
0.06227
0.178127
0.074719
0.05141
0.890137
0.054744
0.056499
0.079769
0.062569
0.070808
0.903434
0.055191
0.93159
0.063486
0.074898
0.048524
0.061869
0.082613
0.064785
0.10448
0.500172
0.063694
0.894043
0.116526
0.051825
0.079999
0.624297
0.059475
0.914747
0.06534
0.100506
0.062343
0.961555
0.141506
0.895311
0.954517
0.914701
0.062757
0.050255
0.057973
0.452049
0.086739
0.041763
0.942875
0.058037
0.047669
0.894429
0.849405
0.062077
0.049992
0.109611
0.076008
0.06738
0.044476
0.116765
0.157749
0.059105
0.901743
0.920631
0.071872
0.122078
0.072605
0.125156
0.059768
0.104878
0.059184
0.901535
0.885806
0.045736
0.927909
0.833994
0.100783
0.057556
0.054042
0.055634
0.852921
0.063905
0.047761
0.882926
0.118543
0.926674
0.106814
0.048342
0.188015
0.117782
0.069398
0.060419
0.050437
0.910029
0.468204
0.472211
0.062589
0.846692
0.054419
0.091298
0.052574
0.06227
0.701868
0.378387
0.071787
0.057982
0.071926
0.061604
0.232317
0.162664
0.047085
0.078763
0.060686
0.918745
0.047364
0.067709
0.101511
0.957949
0.040502
0.046207
0.060133
0.125435
0.844321
0.044719
0.915392
0.042115
0.078665
0.067608
0.309103
0.754258
0.07821
0.065148
0.054407
0.124074
0.085576
0.07988
0.091875
0.05663
0.803636
0.080173
0.050663
0.080639
0.080134
0.065282
0.093084
0.68217
0.051983
0.078427
0.085006
0.096322
0.896824
0.86472
0.120365
0.072084
0.091967
0.055613
0.857998
0.19991
0.85
0.059618
0.05713
0.105043
0.379561
0.943387
0.937638
0.054089
0.085302
0.090789
0.62556
0.084693
0.089976
0.056903
0.097869
0.907879
0.936653
0.834193
0.098091
0.139963
0.065463
0.062124
0.948517
0.045356
0.253733
0.063559
0.049056
0.178275
0.088335
0.575447
0.390542
0.082218
0.854484
0.897618
0.906469
0.058664
0.958201
0.109336
0.069498
0.896161
0.243904
0.045499
0.05996
0.349376
0.314973
0.050784
0.048579
0.191807
0.63009
0.138176
0.499825
0.101917
0.657143
0.119491
0.063727
0.05256
0.202326
0.95221
0.92839
0.912176
0.079246
0.154154
0.057365
0.053192
0.942283
0.056057
0.486637
0.053277
0.053112
0.049981
0.690077
0.053874
0.849817
0.109481
0.059691
0.899368
0.558454
0.04345
0.050946
0.899853
0.09669
0.081661
0.047046
0.936954
0.425777
0.367882
0.060362
0.057463
0.048994
0.94924
0.064269
0.046561
0.49605
0.048449
0.593635
0.817605
0.931735
0.051308
0.70002
0.048779
0.164344
0.068992
0.230581
0.256402
0.137067
0.879661
0.056723
0.071389
0.841359
0.120451
0.053353
0.049468
0.858747
0.753031
0.087488
0.087575
0.045957
0.054544
0.080643
0.066415
0.057834
0.054209
0.145335
0.055799
0.926448
0.538353
0.132832
0.093013
0.946225
0.926718
0.066017
0.070856
0.883437
0.946322
0.883821
0.067353
0.124951
0.074692
0.831461
0.133841
0.091001
0.076303
0.052147
0.130203
0.068743
0.374956
0.050828
0.050663
0.066025
0.064845
0.043653
0.944215
0.450787
0.054457
0.088339
0.080973
0.910705
0.882729
0.061416
0.258508
0.065597
0.057851
0.060975
0.040328
0.051645
0.116031
0.14438
0.890783
0.356886
0.179093
0.926002
0.06316
0.932391
0.161823
0.761131
0.053117
0.08026
0.06072
0.93187
0.057619
0.065816
0.926578
0.055877
0.065795
0.09758
0.061206
0.241031
0.5226
0.626931
0.099114
0.131737
0.056882
0.053537
0.043349
0.149905
0.917286
0.066276
0.880022
0.057061
0.055527
0.073151
0.06397
0.136895
0.698792
0.674834
0.045272
0.085497
0.063531
0.06773
0.048665
0.846244
0.162247
0.09725
0.947172
0.077445
0.951376
0.932399
0.740332
0.080439
0.473127
0.045595
0.102226
0.212063
0.231431
0.083984
0.254156
0.043774
0.050669
0.859879
0.050631
0.763329
0.901528
0.065294
0.834496
0.149322
0.041953
0.072402
0.216236
0.957708
0.485603
0.064222
0.050414
0.880563
0.056136
0.153009
0.294129
0.057939
0.833481
0.726805
0.073019
0.89475
0.099944
0.947277
0.931978
0.053699
0.059546
0.064533
0.105121
0.062121
0.824881
0.936466
0.061645
0.067294
0.059021
0.061526
0.087228
0.045077
0.132554
0.06031
0.048263
0.812927
0.073385
0.555272
0.162334
0.059682
0.047904
0.057696
0.848012
0.048258
0.051657
0.907845
0.128011
0.074324
0.05343
0.953787
0.058905
0.411642
0.062427
0.073196
0.924647
0.204655
0.071457
0.057748
0.717522
0.060034
0.069109
0.09467
0.061027
0.048368
0.910378
0.051884
0.888022
0.053227
0.094774
0.06334
0.916096
0.881202
0.500217
0.181711
0.049275
0.083497
0.945541
0.933902
0.922704
0.844344
0.882771
0.059109
0.066872
0.045854
0.056372
0.062904
0.063199
0.054799
0.065099
0.059797
0.065273
0.926049
0.094557
0.846568
0.947859
0.848216
0.093168
0.12829
0.397168
0.081044
0.076534
0.500342
0.049716
0.049484
0.052847
0.061003
0.859279
0.058986
0.93077
0.058053
0.053118
0.93946
0.068436
0.047749
0.907473
0.113658
0.078521
0.300084
0.043819
0.055401
0.064867
0.906639
0.069813
0.841064
0.0505
0.17145
0.066379
0.060508
0.055592
0.061099
0.052747
0.086143
0.923912
0.107816
0.719671
0.048751
0.539469
0.859467
0.838634
0.908853
0.074765
0.915069
0.107369
0.212818
0.568416
0.661102
0.500309
0.073303
0.256578
0.913245
0.866527
0.066351
0.049286
0.059406
0.088705
0.499857
0.254061
0.877452
0.067572
0.900059
0.875911
0.094416
0.081323
0.075912
0.573765
0.056494
0.135841
0.084376
0.877297
0.29531
0.063542
0.925523
0.898411
0.916583
0.951999
0.058386
0.79958
0.081815
0.097641
0.064916
0.265219
0.897286
0.057977
0.946557
0.567086
0.099675
0.059413
0.043405
0.039766
0.057783
0.373716
0.929984
0.35836
0.940506
0.344307
0.425629
0.941006
0.064095
0.072471
0.745483
0.06732
0.058096
0.055984
0.047982
0.05659
0.052241
0.092577
0.833904
0.950059
0.107702
0.736147
0.051586
0.938543
0.06447
0.499858
0.915464
0.924114
0.333891
0.073791
0.815987
0.616727
0.082541
0.897994
0.076637
0.046513
0.91301
0.919245
0.10074
0.94498
0.159159
0.060155
0.053271
0.069325
0.045119
0.082977
0.124122
0.072112
0.054512
0.064065
0.335949
0.954581
0.115682
0.151914
0.952257
0.142493
0.1507
0.061819
0.044626
0.091259
0.653842
0.069946
0.949389
0.88715
0.05293
0.793854
0.768155
0.044386
0.0605
0.048282
0.912338
0.069071
0.201796
0.04728
0.929217
0.062106
0.053895
0.060544
0.080344
0.064284
0.288233
0.906522
0.893875
0.150174
0.064472
0.905843
0.062756
0.929726
0.046138
0.952066
0.184104
0.876853
0.053949
0.071591
0.054203
0.925709
0.055324
0.499921
0.893325
0.368962
0.102459
0.950685
0.915738
0.044425
0.056664
0.967053
0.058831
0.18661
0.065615
0.879161
0.936422
0.067514
0.04673
0.499859
0.090081
0.910593
0.904281
0.072145
0.073944
0.057231
0.08972
0.064046
0.73769
0.16822
0.070716
0.078916
0.948367
0.052739
0.805489
0.097693
0.694916
0.073134
0.863338
0.064227
0.797507
0.90067
0.063659
0.121934
0.117911
0.048085
0.967052
0.936274
0.960127
0.064004
0.072818
0.051473
0.065209
0.075781
0.055738
0.066149
0.09791
0.042497
0.499642
0.054952
0.095227
0.948637
0.050631
0.910061
0.055795
0.949169
0.091883
0.925299
0.94416
0.926443
0.050404
0.053355
0.568842
0.946326
0.780158
0.121202
0.055553
0.310782
0.060061
0.078613
0.893502
0.944893
0.069248
0.128413
0.76269
0.441484
0.039442
0.061521
0.086749
0.855013
0.686612
0.041042
0.807454
0.077034
0.044838
0.895453
0.116399
0.080653
0.087217
0.819642
0.867889
0.051547
0.917535
0.057208
0.868228
0.052045
0.084989
0.499961
0.93102
0.071243
0.065281
0.048381
0.718468
0.073425
0.088761
0.939705
0.059493
0.933514
0.101659
0.059077
0.057719
0.898587
0.156089
0.064014
0.089364
0.096116
0.849589
0.10314
0.068832
0.079683
0.931519
0.892397
0.516783
0.057505
0.802043
0.092474
0.861411
0.116747
0.229529
0.095134
0.056507
0.121904
0.504786
0.39111
0.910783
0.500581
0.058235
0.19777
0.054471
0.133665
0.116741
0.069644
0.066627
0.040314
0.045707
0.909326
0.762863
0.054023
0.072816
0.908814
0.058115
0.057402
0.949374
0.067182
0.911943
0.048273
0.112948
0.290695
0.954244
0.753321
0.061159
0.060544
0.046859
0.067664
0.061424
0.046172
0.072945
0.069127
0.34806
0.917126
0.867445
0.070376
0.055829
0.054973
0.074258
0.089749
0.040211
0.949363
0.611497
0.466297
0.13638
0.108362
0.93441
0.263561
0.054225
0.879477
0.061413
0.098396
0.080634
0.833425
0.836048
0.049842
0.057039
0.065582
0.843132
0.72607
0.841838
0.086182
0.060804
0.050624
0.074968
0.881583
0.077989
0.045199
0.076478
0.050264
0.047681
0.743221
0.072375
0.193603
0.793747
0.076003
0.15932
0.045754
0.056788
0.082946
0.077238
0.07476
0.118776
0.125311
0.481662
0.879776
0.085917
0.074995
0.050102
0.886414
0.055189
0.075896
0.070247
0.94263
0.047558
0.085031
0.057476
0.646985
0.067012
0.059639
0.05809
0.079964
0.119021
0.119291
0.049887
0.049176
0.046704
0.071858
0.064338
0.907412
0.808341
0.699697
0.899742
0.848836
0.071126
0.914391
0.137572
0.175424
0.073127
0.052885
0.935019
0.064848
0.096047
0.077181
0.123405
0.523519
0.499514
0.577635
0.887061
0.173673
0.1326
0.073821
0.930747
0.051387
0.248548
0.921699
0.067481
0.063713
0.05147
0.398846
0.391666
0.912766
0.882229
0.130685
0.885452
0.065754
0.053117
0.122493
0.730727
0.783324
0.420414
0.578764
0.958896
0.06223
0.112275
0.052004
0.862997
0.796181
0.071837
0.902358
0.915818
0.06349
0.641641
0.060233
0.082967
0.912996
0.058307
0.101964
0.062466
0.063277
0.08866
0.072354
0.907685
0.10109
0.116107
0.072855
0.082493
0.066568
0.068842
0.802791
0.059565
0.047592
0.878038
0.050444
0.05327
0.721416
0.180655
0.942512
0.205148
0.073765
0.064141
0.909142
0.057731
0.048189
0.882164
0.086041
0.078565
0.05189
0.060539
0.148723
0.04153
0.063975
0.872969
0.886587
0.344708
0.05053
0.804374
0.05266
0.73136
0.105014
0.054038
0.899573
0.046908
0.053556
0.070123
0.071894
0.058336
0.892949
0.109287
0.500136
0.948706
0.079
0.056413
0.121831
0.050993
0.122515
0.409717
0.850112
0.050886
0.872299
0.047185
0.921297
0.053072
0.797455
0.958251
0.074778
0.079885
0.064235
0.908633
0.935802
0.172803
0.053416
0.060917
0.065342
0.057678
0.091011
0.094633
0.912251
0.066441
0.113014
0.855401
0.059603
0.061931
0.301331
0.066766
0.885916
0.061083
0.061605
0.08205
0.126942
0.947113
0.879018
0.795939
0.102229
0.759444
0.089907
0.070835
0.953361
0.074832
0.064444
0.059323
0.075918
0.096227
0.04736
0.070609
0.899514
0.052156
0.88904
0.084133
0.052592
0.045226
0.071188
0.051674
0.120818
0.056249
0.069284
0.047671
0.053711
0.051985
0.900691
0.068293
0.092963
0.05303
0.090705
0.936214
0.064644
0.055568
0.869255
0.085705
0.062384
0.909797
0.058907
0.921691
0.866012
0.86631
0.050942
0.867986
0.043148
0.092777
0.046628
0.063185
0.952218
0.068686
0.906706
0.048088
0.152124
0.068827
0.093694
0.866801
0.129769
0.072394
0.084427
0.044157
0.065351
0.91335
0.942944
0.086471
0.075705
0.183002
0.881035
0.646827
0.056989
0.051269
0.43254
0.938415
0.054016
0.054112
0.118543
0.846564
0.058691
0.686001
0.908638
0.071107
0.052617
0.081137
0.047848
0.058785
0.046913
0.066742
0.084343
0.057017
0.091789
0.060509
0.065737
0.118035
0.108872
0.062097
0.119558
0.092127
0.570815
0.08304
0.114446
0.89595
0.887126
0.161005
0.738538
0.067344
0.941732
0.944889
0.092664
0.043623
0.11343
0.048296
0.095537
0.077341
0.928138
0.948593
0.050672
0.064087
0.100164
0.048232
0.881381
0.920216
0.054222
0.929944
0.939821
0.13382
0.30949
0.757268
0.044074
0.10207
0.069329
0.049993
0.046903
0.050479
0.051473
0.087957
0.044261
0.077491
0.950799
0.8967
0.084299
0.060143
0.05304
0.500174
0.053501
0.051995
0.812948
0.914813
0.055697
0.065842
0.913485
0.055331
0.062752
0.385522
0.203397
0.345882
0.953737
0.053643
0.066302
0.059957
0.931432
0.809817
0.056276
0.937369
0.099191
0.046531
0.951894
0.941217
0.101138
0.062789
0.068151
0.093791
0.063187
0.063954
0.078377
0.88223
0.903466
0.07234
0.134635
0.104355
0.080342
0.307226
0.048528
0.072443
0.772779
0.080491
0.940194
0.051136
0.056083
0.044038
0.880971
0.047527
0.065225
0.131749
0.08343
0.880056
0.827901
0.157654
0.852276
0.849301
0.118655
0.04966
0.107224
0.937239
0.476744
0.446589
0.833238
0.925875
0.155691
0.087472
0.064662
0.054908
0.229065
0.048405
0.843025
0.207744
0.044756
0.056026
0.897561
0.861614
0.905176
0.067381
0.073113
0.049048
0.071329
0.057449
0.108325
0.050237
0.084701
0.060407
0.217195
0.049104
0.921208
0.203224
0.130579
0.056924
0.060461
0.05692
0.071895
0.052591
0.088755
0.076695
0.499986
0.178875
0.093248
0.056226
0.054815
0.398385
0.114011
0.073153
0.073945
0.061259
0.942245
0.500052
0.84011
0.052859
0.052099
0.097513
0.068864
0.2694
0.685321
0.197442
0.099343
0.038847
0.903668
0.245231
0.912066
0.907909
0.508624
0.130572
0.146201
0.754887
0.499995
0.098695
0.049558
0.065743
0.104481
0.04849
0.925505
0.074296
0.889461
0.047622
0.908134
0.050483
0.835529
0.044235
0.633662
0.055404
0.070354
0.05286
0.937737
0.05659
0.066179
0.044244
0.300927
0.060333
0.962111
0.054006
0.05534
0.044772
0.062285
0.056027
0.929755
0.879422
0.072189
0.096246
0.89154
0.046661
0.842197
0.939297
0.060144
0.044904
0.082823
0.113085
0.08884
0.113221
0.14371
0.421627
0.044295
0.050358
0.115635
0.808451
0.831206
0.928878
0.912424
0.89404
0.918695
0.101686
0.052165
0.102646
0.289835
0.099865
0.936131
0.052086
0.048144
0.935678
0.957646
0.951973
0.199851
0.942585
0.447947
0.316616
0.166882
0.937634
0.13757
0.050945
0.052479
0.121697
0.076776
0.841053
0.094044
0.480602
0.689853
0.083512
0.922503
0.933788
0.08203
0.892837
0.91954
0.08203
0.086601
0.109908
0.080696
0.939459
0.050495
0.07261
0.054464
0.900239
0.220666
0.045401
0.053778
0.048199
0.052775
0.882025
0.068103
0.500638
0.144349
0.733756
0.054039
0.922101
0.137938
0.925964
0.943276
0.050293
0.060777
0.118134
0.126657
0.065684
0.431286
0.070343
0.92606
0.249312
0.947825
0.063353
0.053048
0.332958
0.057043
0.913423
0.527317
0.145984
0.049854
0.061839
0.058784
0.098173
0.050542
0.062151
0.052013
0.615802
0.058943
0.453014
0.211787
0.887729
0.044391
0.933473
0.217144
0.87741
0.919698
0.885668
0.041228
0.049841
0.043635
0.080616
0.043427
0.121975
0.495051
0.948258
0.157312
0.061621
0.532473
0.867019
0.083581
0.19813
0.046267
0.087783
0.070888
0.100072
0.896456
0.064536
0.085293
0.13583
0.079337
0.928361
0.096525
0.329125
0.802595
0.088132
0.926395
0.130072
0.06146
0.061586
0.929968
0.783399
0.065345
0.081714
0.057165
0.066286
0.87396
0.930599
0.057701
0.910951
0.059175
0.041977
0.865196
0.067821
0.103503
0.252515
0.344943
0.11051
0.204797
0.951851
0.923012
0.067887
0.049773
0.880856
0.811495
0.724602
0.872406
0.897765
0.145469
0.052579
0.057346
0.054507
0.931072
0.734383
0.053543
0.048527
0.228521
0.052726
0.923882
0.075892
0.104347
0.062728
0.082042
0.087274
0.067769
0.564116
0.925801
0.07747
0.134777
0.131711
0.21537
0.786384
0.933213
0.068771
0.119415
0.865998
0.500208
0.051878
0.057947
0.95463
0.088968
0.045908
0.044749
0.077212
0.058764
0.071287
0.365903
0.110875
0.082457
0.045399
0.861069
0.923646
0.947768
0.80834
0.417916
0.066066
0.046287
0.68789
0.059719
0.059907
0.052779
0.741059
0.166723
0.895709
0.196
0.087424
0.768773
0.34685
0.865597
0.939989
0.047221
0.050466
0.060037
0.052792
0.058475
0.948293
0.062621
0.608759
0.938158
0.054432
0.078478
0.351704
0.055608
0.05764
0.095462
0.059353
0.32584
0.163674
0.935114
0.943977
0.094975
0.831845
0.085256
0.937005
0.87427
0.884465
0.048731
0.049293
0.182745
0.104264
0.058333
0.212528
0.113503
0.047382
0.423582
0.085753
0.094157
0.120122
0.045883
0.091119
0.568134
0.87124
0.188792
0.062723
0.057426
0.120462
0.363761
0.055201
0.511425
0.103023
0.929514
0.205805
0.792064
0.094215
0.043733
0.520224
0.942975
0.728426
0.916137
0.908252
0.059911
0.946671
0.959605
0.072253
0.09224
0.848145
0.058015
0.882722
0.93649
0.354632
0.074187
0.601604
0.065064
0.065196
0.954952
0.94603
0.070759
0.086812
0.075065
0.070036
0.067023
0.131855
0.927249
0.86943
0.260195
0.079148
0.939104
0.101821
0.058485
0.073786
0.891879
0.089095
0.104357
0.500003
0.069189
0.056456
0.045097
0.058283
0.0455
0.061787
0.09568
0.437806
0.648181
0.500469
0.861052
0.653886
0.062981
0.247483
0.142001
0.92666
0.920289
0.838872
0.060444
0.923734
0.808735
0.964894
0.096707
0.714326
0.081471
0.051542
0.871864
0.064735
0.062906
0.500024
0.062387
0.05576
0.177764
0.068788
0.113537
0.08007
0.046759
0.883
0.146835
0.109843
0.075637
0.932577
0.219314
0.940993
0.888036
0.168546
0.157538
0.825637
0.048612
0.071288
0.755262
0.092665
0.058644
0.069228
0.874124
0.054568
0.056187
0.078835
0.951772
0.158358
0.052672
0.148315
0.948354
0.144182
0.105195
0.097469
0.930867
0.048232
0.059669
0.061934
0.654142
0.108317
0.073646
0.051427
0.922878
0.151088
0.059027
0.082045
0.044626
0.081457
0.04501
0.153351
0.181554
0.900866
0.65432
0.075084
0.060929
0.851031
0.097755
0.290786
0.065918
0.056791
0.927243
0.059605
0.430299
0.85658
0.062633
0.140012
0.090653
0.065766
0.917286
0.759023
0.088819
0.595693
0.131543
0.057085
0.895293
0.926356
0.106768
0.911175
0.066719
0.074784
0.079232
0.073968
0.051316
0.065858
0.060054
0.464853
0.069544
0.499736
0.050751
0.91987
0.878399
0.067199
0.820962
0.442353
0.948021
0.082125
0.061363
0.0606
0.058365
0.045362
0.072467
0.200897
0.918243
0.284245
0.070095
0.903236
0.0572
0.08306
0.051247
0.049761
0.853501
0.165637
0.062659
0.083279
0.057378
0.060027
0.327814
0.080964
0.064333
0.933209
0.06128
0.911428
0.396101
0.935989
0.930642
0.050907
0.056417
0.500269
0.946834
0.069899
0.902129
0.847765
0.337822
0.047629
0.074273
0.107038
0.761312
0.079423
0.064674
0.045604
0.152517
0.903104
0.122464
0.052749
0.099223
0.04532
0.945152
0.947982
0.109025
0.182903
0.066813
0.926546
0.5361
0.052109
0.059547
0.506043
0.055764
0.071856
0.044977
0.052117
0.134513
0.052814
0.133237
0.124817
0.055886
0.492771
0.900085
0.131027
0.076216
0.072367
0.093498
0.047537
0.061233
0.044774
0.060193
0.064339
0.122273
0.074968
0.09003
0.0538
0.100205
0.68433
0.071574
0.059612
0.051518
0.080564
0.065475
0.058819
0.073664
0.077734
0.063267
0.875041
0.127954
0.125155
0.897145
0.042682
0.048855
0.110081
0.056397
0.067051
0.079487
0.055334
0.093549
0.277283
0.047687
0.072841
0.059019
0.15054
0.058682
0.105346
0.066383
0.331268
0.123318
0.879196
0.745687
0.138319
0.802932
0.92419
0.913055
0.04897
0.899965
0.523456
0.091813
0.717517
0.054296
0.053764
0.212041
0.044352
0.349925
0.077834
0.064724
0.863684
0.061615
0.070411
0.049781
0.069791
0.921288
0.886748
0.047544
0.075542
0.107271
0.800938
0.048637
0.054645
0.860612
0.06387
0.058781
0.59436
0.231323
0.072002
0.042798
0.939375
0.053097
0.15582
0.891037
0.121076
0.229069
0.128549
0.883452
0.909885
0.14085
0.09827
0.105347
0.083033
0.254569
0.056089
0.063241
0.84545
0.073287
0.500182
0.049061
0.907799
0.051306
0.09383
0.861258
0.069449
0.066002
0.129607
0.936015
0.746511
0.090603
0.830263
0.139863
0.060147
0.924251
0.131725
0.150742
0.940008
0.946582
0.102234
0.785951
0.406779
0.155914
0.87877
0.099746
0.057456
0.096073
0.76518
0.053919
0.071941
0.057488
0.082056
0.646042
0.143181
0.051188
0.057248
0.82645
0.955179
0.097912
0.05142
0.052391
0.151479
0.059514
0.183541
0.042222
0.144718
0.22719
0.056772
0.072863
0.148689
0.090764
0.058214
0.944078
0.054819
0.050977
0.560461
0.927763
0.910853
0.06336
0.499761
0.071381
0.050526
0.619592
0.133523
0.050068
0.094399
0.931756
0.04641
0.042697
0.115158
0.053631
0.07191
0.05466
0.087505
0.083772
0.95173
0.065937
0.376588
0.66516
0.049328
0.932995
0.054293
0.056168
0.06423
0.846523
0.077093
0.046754
0.056839
0.443327
0.93806
0.121171
0.499801
0.051907
0.849395
0.072123
0.04815
0.049656
0.821369
0.840396
0.927654
0.925335
0.753981
0.047254
0.101996
0.063771
0.050147
0.104045
0.132986
0.856395
0.042233
0.070197
0.073214
0.836237
0.054208
0.931654
0.697281
0.146825
0.074598
0.074545
0.046045
0.911539
0.830882
0.919461
0.290306
0.9236
0.366267
0.05918
0.917548
0.963459
0.383064
0.117772
0.051301
0.879427
0.05461
0.056003
0.066252
0.054748
0.942552
0.917149
0.055959
0.069491
0.103257
0.183488
0.072244
0.187745
0.084908
0.890915
0.088928
0.072718
0.346368
0.92649
0.049841
0.055011
0.836688
0.07288
0.076877
0.052159
0.086183
0.04631
0.107858
0.575914
0.873572
0.054073
0.937382
0.888749
0.055142
0.084169
0.067501
0.05503
0.05334
0.902735
0.058341
0.929434
0.626436
0.078442
0.060257
0.953512
0.932264
0.110636
0.101593
0.763773
0.053583
0.155687
0.212957
0.907811
0.070329
0.132663
0.076693
0.193471
0.861015
0.854455
0.089096
0.058639
0.936535
0.873164
0.060649
0.940486
0.071193
0.095656
0.08754
0.954002
0.05592
0.053577
0.068783
0.075368
0.915433
0.114563
0.069885
0.044535
0.306609
0.687021
0.128443
0.91963
0.051242
0.0567
0.065284
0.467582
0.051931
0.937857
0.384189
0.06356
0.058383
0.932987
0.059183
0.088243
0.933208
0.063482
0.048673
0.917349
0.095506
0.536807
0.858872
0.87749
0.946414
0.044137
0.719229
0.900632
0.500227
0.054283
0.051975
0.10056
0.845752
0.710309
0.060587
0.951974
0.741355
0.927598
0.896369
0.914017
0.942732
0.098615
0.884684
0.059467
0.078622
0.877653
0.102602
0.101848
0.046572
0.05816
0.499672
0.886696
0.068101
0.895745
0.061163
0.933479
0.922047
0.936845
0.68112
0.060729
0.050103
0.184071
0.071219
0.933705
0.862842
0.074883
0.044204
0.048277
0.913494
0.059367
0.083045
0.877051
0.067791
0.115551
0.144278
0.951232
0.173698
0.053906
0.067979
0.047532
0.104043
0.058272
0.499973
0.142312
0.054731
0.059544
0.497223
0.944647
0.086474
0.053435
0.763452
0.040124
0.066793
0.958534
0.04318
0.085997
0.947113
0.689679
0.041172
0.051169
0.484991
0.107774
0.675826
0.06533
0.051251
0.367484
0.967584
0.865051
0.898052
0.053002
0.349639
0.079744
0.894763
0.349146
0.490352
0.091364
0.598514
0.054601
0.074187
0.081182
0.695097
0.077724
0.895616
0.081144
0.122509
0.862634
0.712146
0.061734
0.060041
0.0552
0.812142
0.071762
0.930865
0.057711
0.928737
0.281079
0.927308
0.897742
0.057712
0.1198
0.929359
0.933354
0.054346
0.067303
0.277909
0.061729
0.798524
0.097998
0.717962
0.059663
0.041717
0.045124
0.913693
0.874956
0.049072
0.049715
0.937697
0.363972
0.837321
0.903389
0.065542
0.064131
0.048018
0.083187
0.952378
0.055879
0.499982
0.499888
0.134971
0.100168
0.04773
0.06668
0.049916
0.059403
0.059334
0.051243
0.072456
0.053154
0.908372
0.051024
0.15954
0.93306
0.064644
0.342017
0.499722
0.074791
0.090457
0.049793
0.062266
0.071588
0.064439
0.879014
0.151223
0.669551
0.064253
0.047389
0.948909
0.047623
0.053928
0.917518
0.229477
0.060881
0.554776
0.080999
0.926625
0.056429
0.039129
0.903787
0.046289
0.903035
0.853565
0.092059
0.087392
0.09356
0.083652
0.871891
0.04928
0.110316
0.905118
0.925774
0.073527
0.08289
0.054351
0.9056
0.953454
0.055013
0.944231
0.052195
0.94733
0.073507
0.068327
0.067527
0.057458
0.148559
0.05715
0.872702
0.929276
0.931721
0.072469
0.066477
0.079562
0.06655
0.87607
0.923284
0.944134
0.655994
0.905092
0.727464
0.045228
0.587279
0.880933
0.952803
0.915527
0.074917
0.049515
0.076687
0.060299
0.950174
0.934837
0.046569
0.050036
0.047937
0.901581
0.833578
0.058369
0.055396
0.948222
0.093655
0.405782
0.190152
0.093238
0.148018
0.115814
0.095748
0.060042
0.102554
0.948591
0.955939
0.075451
0.058166
0.044632
0.766024
0.068277
0.066595
0.083182
0.065132
0.048756
0.880255
0.921816
0.046825
0.069405
0.054501
0.055731
0.052413
0.848671
0.06649
0.052802
0.941168
0.12463
0.278361
0.644398
0.068228
0.061573
0.147847
0.057569
0.046573
0.04326
0.055028
0.921614
0.103118
0.059758
0.172143
0.9205
0.923234
0.14873
0.153787
0.923509
0.952983
0.083236
0.060632
0.865855
0.056041
0.17689
0.048384
0.044414
0.052687
0.115449
0.925425
0.926084
0.070423
0.764175
0.902625
0.687501
0.07999
0.12607
0.055935
0.274548
0.925971
0.919583
0.864163
0.059837
0.432198
0.055476
0.123971
0.067141
0.952611
0.92476
0.078926
0.968853
0.057342
0.499839
0.054382
0.086585
0.372177
0.083366
0.064218
0.854402
0.87454
0.093875
0.054898
0.092764
0.898773
0.499867
0.067875
0.087339
0.051538
0.051791
0.889171
0.924865
0.075993
0.061719
0.915098
0.050742
0.081292
0.066804
0.187871
0.075661
0.060716
0.060801
0.103068
0.065329
0.066345
0.049897
0.905957
0.951084
0.081554
0.059876
0.043116
0.909147
0.053565
0.934595
0.375471
0.066288
0.636561
0.064526
0.798218
0.736336
0.113143
0.789162
0.049837
0.09474
0.045085
0.074106
0.096282
0.05979
0.098753
0.115369
0.050123
0.925835
0.927541
0.947895
0.500278
0.044344
0.223096
0.05427
0.06971
0.097315
0.056436
0.075721
0.050762
0.640021
0.054935
0.796141
0.111115
0.067494
0.411624
0.062582
0.950858
0.053012
0.073783
0.092252
0.642222
0.057887
0.937961
0.066069
0.76307
0.838884
0.931239
0.148666
0.053555
0.914024
0.402069
0.063889
0.636123
0.046102
0.046853
0.073143
0.875218
0.052096
0.114988
0.061352
0.899599
0.903704
0.076519
0.056088
0.130415
0.04816
0.934153
0.898961
0.093573
0.798001
0.063802
0.094178
0.13432
0.053274
0.950285
0.12678
0.311323
0.063362
0.496503
0.93816
0.05098
0.875334
0.057764
0.894793
0.069287
0.058262
0.055365
0.065077
0.239507
0.876226
0.069098
0.056241
0.130952
0.080643
0.089384
0.086086
0.062014
0.410109
0.147827
0.08378
0.116849
0.054608
0.069936
0.918969
0.047026
0.108824
0.070735
0.057006
0.409385
0.06203
0.063853
0.950305
0.893795
0.112889
0.771512
0.064997
0.851918
0.101394
0.112985
0.864288
0.047624
0.832576
0.064923
0.151711
0.055706
0.096277
0.079364
0.053007
0.919233
0.914397
0.835223
0.061581
0.110438
0.102862
0.096086
0.816454
0.939219
0.927656
0.884992
0.108911
0.889549
0.16677
0.041628
0.947057
0.124358
0.071802
0.074107
0.06097
0.914676
0.078217
0.054213
0.05704
0.436646
0.059066
0.075645
0.903117
0.060506
0.525245
0.324431
0.949554
0.047107
0.865096
0.29756
0.897427
0.066482
0.937465
0.09643
0.806412
0.562391
0.652069
0.056688
0.083272
0.59622
0.082375
0.04982
0.120508
0.85552
0.056926
0.062378
0.164939
0.655432
0.07991
0.082755
0.913313
0.048339
0.874847
0.083191
0.064974
0.948857
0.054113
0.236853
0.081102
0.085135
0.932057
0.090051
0.347094
0.111761
0.906213
0.499456
0.042158
0.062144
0.114466
0.854081
0.072294
0.057189
0.052102
0.873851
0.911523
0.049128
0.114266
0.864931
0.122329
0.929311
0.094273
0.051773
0.059734
0.123581
0.341828
0.908243
0.058166
0.095335
0.065483
0.388454
0.047813
0.053863
0.500102
0.249018
0.083344
0.065159
0.090971
0.058839
0.930926
0.746429
0.140909
0.857985
0.069655
0.055226
0.054686
0.882133
0.07978
0.950113
0.702793
0.27607
0.064779
0.959083
0.717932
0.055954
0.081803
0.048702
0.088135
0.051831
0.434334
0.208509
0.366525
0.077909
0.959051
0.062112
0.049214
0.854616
0.049127
0.065493
0.051168
0.918633
0.053792
0.134094
0.953142
0.071039
0.049975
0.941206
0.095122
0.080022
0.055227
0.070068
0.358584
0.060149
0.05013
0.967997
0.081058
0.06497
0.297311
0.062039
0.934347
0.067158
0.194768
0.141818
0.070846
0.937909
0.048463
0.046998
0.874272
0.066598
0.083701
0.892041
0.051742
0.095144
0.099713
0.60994
0.290612
0.646015
0.808761
0.904666
0.11045
0.086195
0.073896
0.186081
0.856986
0.053902
0.047965
0.702926
0.870082
0.959395
0.515899
0.113769
0.935759
0.885019
0.916485
0.053712
0.89967
0.85382
0.071866
0.063676
0.064897
0.062559
0.08101
0.143403
0.715983
0.500241
0.500049
0.920122
0.076229
0.053357
0.75495
0.929286
0.779783
0.05153
0.096504
0.957258
0.805465
0.052842
0.500148
0.209644
0.055293
0.1052
0.819901
0.835151
0.070303
0.060648
0.063998
0.110888
0.055542
0.086756
0.064004
0.098191
0.055183
0.051851
0.100155
0.078918
0.04333
0.847206
0.834769
0.903201
0.049906
0.946758
0.940226
0.133897
0.191701
0.052509
0.124428
0.857749
0.93458
0.115012
0.050932
0.063182
0.048667
0.484976
0.055548
0.09887
0.91283
0.879436
0.091635
0.047019
0.052956
0.84132
0.536361
0.721627
0.092732
0.939485
0.049264
0.868576
0.044962
0.227957
0.039981
0.057264
0.467839
0.066779
0.078675
0.056752
0.047765
0.908376
0.080349
0.050066
0.281713
0.065789
0.95005
0.926912
0.095032
0.110671
0.068925
0.500104
0.88294
0.894345
0.068562
0.060332
0.921532
0.854033
0.052732
0.184403
0.125155
0.055612
0.932465
0.070472
0.828821
0.082222
0.961241
0.807908
0.090061
0.070653
0.058703
0.277963
0.933986
0.912213
0.064351
0.190565
0.052906
0.062121
0.078788
0.427459
0.112876
0.121082
0.107086
0.147964
0.925369
0.07915
0.043347
0.921016
0.956491
0.124349
0.069957
0.94729
0.712143
0.056115
0.860079
0.868783
0.73998
0.939337
0.926138
0.044088
0.148588
0.276544
0.22355
0.95348
0.044808
0.176042
0.918443
0.467892
0.05087
0.085339
0.07669
0.861209
0.916918
0.320034
0.087929
0.056055
0.956458
0.937589
0.922268
0.058004
0.934594
0.155342
0.11289
0.699718
0.939014
0.060873
0.24353
0.067966
0.059641
0.052476
0.077266
0.872372
0.348583
0.236046
0.044737
0.112719
0.083049
0.112441
0.162374
0.05205
0.058218
0.045226
0.929858
0.047261
0.069994
0.103913
0.141044
0.06243
0.929611
0.72074
0.063864
0.945807
0.11758
0.06202
0.686384
0.081085
0.050306
0.836509
0.499745
0.859412
0.884758
0.07225
0.077652
0.088462
0.076337
0.18927
0.058561
0.046277
0.922713
0.061683
0.061421
0.185167
0.839561
0.08399
0.085693
0.790417
0.877009
0.828682
0.078792
0.078616
0.904868
0.074215
0.885281
0.047897
0.070437
0.818375
0.907047
0.066634
0.891923
0.050868
0.075485
0.494337
0.093196
0.066358
0.883659
0.919452
0.050776
0.150966
0.846507
0.067177
0.500015
0.731126
0.050734
0.655626
0.089727
0.206092
0.053996
0.068872
0.864184
0.087746
0.06445
0.156126
0.102302
0.049644
0.84306
0.866827
0.057712
0.619395
0.288054
0.058803
0.059662
0.859001
0.044976
0.045523
0.949174
0.846972
0.906708
0.070471
0.123512
0.063327
0.607728
0.082667
0.90221
0.558895
0.906275
0.059928
0.056101
0.500326
0.766158
0.048289
0.123334
0.930626
0.059719
0.046343
0.185685
0.783533
0.062716
0.713933
0.064145
0.081402
0.051503
0.060729
0.059745
0.075169
0.901511
0.662611
0.954875
0.058779
0.070642
0.051012
0.070382
0.053099
0.0522
0.087946
0.299014
0.043781
0.056654
0.93405
0.068531
0.139245
0.089435
0.086079
0.096707
0.065872
0.062437
0.063205
0.052347
0.1036
0.948094
0.047173
0.941288
0.088568
0.507372
0.870768
0.079409
0.044979
0.954308
0.046655
0.860313
0.061424
0.211282
0.055938
0.078701
0.172234
0.784813
0.100658
0.04915
0.060474
0.052856
0.915723
0.051473
0.065324
0.085252
0.101115
0.136079
0.765111
0.063507
0.84794
0.065695
0.068606
0.044612
0.081271
0.096655
0.151223
0.052156
0.065657
0.599612
0.08667
0.132127
0.141043
0.91171
0.053365
0.059586
0.098819
0.930439
0.107851
0.061409
0.938754
0.936162
0.540697
0.058838
0.817966
0.074878
0.05544
0.569967
0.176065
0.055957
0.864772
0.724365
0.080803
0.932097
0.939395
0.107059
0.055203
0.930161
0.219853
0.08624
0.08452
0.901475
0.932394
0.932872
0.063778
0.063841
0.073574
0.054698
0.111182
0.050711
0.09205
0.048498
0.716482
0.07505
0.91515
0.906539
0.792807
0.862261
0.204045
0.096358
0.106494
0.928212
0.063852
0.073999
0.052738
0.092447
0.047458
0.046793
0.92129
0.055778
0.69819
0.870581
0.045029
0.803642
0.051727
0.500279
0.085093
0.347236
0.435235
0.894505
0.219669
0.931957
0.889045
0.055686
0.067219
0.053306
0.062646
0.069569
0.923503
0.900855
0.830387
0.793316
0.04747
0.056999
0.948225
0.059106
0.050881
0.089619
0.891755
0.062956
0.042961
0.082071
0.080993
0.845323
0.52756
0.052398
0.870138
0.883434
0.082112
0.062949
0.077765
0.500209
0.078989
0.05533
0.055684
0.703113
0.095006
0.063841
0.88823
0.069609
0.054118
0.946398
0.050967
0.344624
0.917171
0.92057
0.93888
0.873656
0.19169
0.92326
0.188621
0.074399
0.064807
0.820613
0.042021
0.268135
0.0576
0.953148
0.870048
0.0989
0.060473
0.886838
0.076398
0.08406
0.934892
0.072734
0.165214
0.177333
0.108332
0.112916
0.837538
0.053145
0.929872
0.499729
0.10883
0.06462
0.173793
0.054874
0.115226
0.903357
0.063372
0.097591
0.083841
0.09399
0.886755
0.055873
0.136104
0.061647
0.075384
0.861925
0.904289
0.056129
0.156495
0.058941
0.052982
0.085372
0.059755
0.902566
0.157478
0.917863
0.805727
0.112559
0.948891
0.066714
0.112383
0.918195
0.059351
0.068124
0.085731
0.465082
0.926632
0.129964
0.053916
0.178448
0.142156
0.07781
0.068258
0.088215
0.925304
0.055107
0.050624
0.899086
0.083753
0.049769
0.063585
0.056961
0.069625
0.074485
0.241405
0.054306
0.23573
0.0754
0.944659
0.931697
0.908347
0.116158
0.910209
0.05956
0.052644
0.115162
0.081374
0.110976
0.073344
0.055376
0.177889
0.069324
0.076962
0.079094
0.078771
0.060862
0.896428
0.934121
0.949449
0.899078
0.063834
0.074934
0.803939
0.468397
0.06007
0.811554
0.178649
0.889894
0.05696
0.062036
0.893781
0.063625
0.054698
0.060008
0.882784
0.103326
0.088655
0.057546
0.290717
0.045896
0.043715
0.057978
0.871743
0.94061
0.086142
0.050825
0.070987
0.048264
0.056536
0.249396
0.058759
0.106186
0.053661
0.944779
0.04939
0.923799
0.171453
0.075294
0.879769
0.500165
0.197104
0.92791
0.116394
0.693697
0.062105
0.92065
0.044325
0.935463
0.871262
0.05522
0.092093
0.072284
0.054909
0.799164
0.916052
0.938335
0.084766
0.059331
0.061166
0.067469
0.150776
0.045941
0.499805
0.071866
0.838546
0.943161
0.953095
0.893152
0.884712
0.079639
0.79923
0.067976
0.151433
0.137645
0.075179
0.938922
0.043466
0.703558
0.121143
0.059819
0.137703
0.065779
0.951294
0.061898
0.054905
0.059346
0.555221
0.953995
0.91798
0.671943
0.052222
0.044926
0.905592
0.059088
0.05919
0.534868
0.064683
0.28129
0.060514
0.314139
0.948109
0.936238
0.068259
0.053053
0.07415
0.067427
0.102959
0.083397
0.045208
0.049279
0.680592
0.135636
0.048331
0.942475
0.054464
0.048074
0.057081
0.917988
0.068162
0.073213
0.890409
0.595293
0.053081
0.102263
0.050539
0.390371
0.836912
0.201806
0.082413
0.900281
0.048112
0.053823
0.06759
0.061436
0.21338
0.319548
0.104158
0.940065
0.074603
0.05265
0.93549
0.045506
0.059614
0.930574
0.044243
0.932015
0.278889
0.955809
0.050427
0.241668
0.048071
0.052199
0.931967
0.842828
0.114356
0.947685
0.67394
0.933707
0.081069
0.183528
0.050762
0.079979
0.073606
0.072336
0.94818
0.135698
0.499534
0.048344
0.067491
0.049321
0.942491
0.056588
0.838034
0.155936
0.916821
0.886449
0.912339
0.499796
0.790747
0.922135
0.898805
0.602746
0.047834
0.945267
0.049116
0.927726
0.947559
0.500039
0.061832
0.041752
0.947679
0.52299
0.932453
0.070194
0.090024
0.070018
0.839791
0.628392
0.050044
0.055523
0.060788
0.469258
0.041985
0.592531
0.912682
0.089134
0.867736
0.064882
0.048359
0.743812
0.07179
0.069486
0.074224
0.058618
0.866818
0.064019
0.062646
0.878399
0.568673
0.083134
0.059181
0.945419
0.728617
0.924481
0.86114
0.939422
0.853905
0.942146
0.94007
0.330545
0.699306
0.083234
0.079091
0.869881
0.579144
0.062993
0.760627
0.916131
0.088028
0.603418
0.84361
0.935478
0.071216
0.870558
0.828787
0.971421
0.331549
0.203001
0.063808
0.065427
0.756635
0.061773
0.870241
0.412022
0.049425
0.913024
0.173238
0.687828
0.957096
0.399325
0.103741
0.080189
0.304055
0.446165
0.921504
0.934045
0.087932
0.804579
0.195843
0.058995
0.04772
0.051988
0.080118
0.052543
0.059388
0.134035
0.060919
0.26905
0.920243
0.063569
0.05654
0.052825
0.929339
0.894843
0.088096
0.916802
0.16349
0.047185
0.933503
0.936609
0.926237
0.910409
0.108624
0.055192
0.773486
0.047359
0.07244
0.491143
0.062824
0.517433
0.072002
0.956225
0.095902
0.815515
0.053071
0.899316
0.052313
0.91032
0.056965
0.594521
0.907314
0.482722
0.210329
0.499536
0.085484
0.050092
0.461555
0.05589
0.075544
0.904526
0.949151
0.133471
0.049753
0.057949
0.061387
0.92633
0.065592
0.600848
0.255556
0.056317
0.073801
0.048441
0.899032
0.07041
0.597287
0.049299
0.802383
0.064143
0.865763
0.099444
0.923664
0.046888
0.049664
0.146818
0.939064
0.058348
0.061043
0.887405
0.882717
0.930867
0.075694
0.072781
0.544714
0.819694
0.091361
0.115739
0.051251
0.101462
0.050557
0.502357
0.135395
0.569218
0.04695
0.094007
0.083501
0.956514
0.252918
0.09335
0.071215
0.057755
0.048455
0.051916
0.049559
0.153068
0.070967
0.168052
0.046228
0.911062
0.499623
0.058887
0.059254
0.92743
0.11951
0.071003
0.108076
0.07262
0.075701
0.924077
0.950351
0.922846
0.76451
0.057277
0.056785
0.059857
0.047565
0.349024
0.049989
0.919911
0.106346
0.840448
0.407844
0.562089
0.052784
0.059421
0.933718
0.103149
0.971165
0.178597
0.765169
0.841087
0.673597
0.047639
0.934237
0.178057
0.949426
0.049128
0.924717
0.049282
0.090035
0.05473
0.057405
0.076757
0.513678
0.099119
0.230551
0.500167
0.063503
0.177049
0.751485
0.207492
0.913252
0.046233
0.902871
0.06376
0.069163
0.061838
0.09601
0.921802
0.764944
0.081404
0.057361
0.903263
0.943994
0.111678
0.908959
0.34675
0.869404
0.880111
0.044283
0.897555
0.345682
0.186333
0.13637
0.082108
0.891497
0.902133
0.074204
0.05283
0.057739
0.900129
0.10036
0.91108
0.06057
0.051352
0.279404
0.220825
0.837928
0.047952
0.92128
0.047515
0.142797
0.17349
0.903996
0.858242
0.857167
0.054889
0.070952
0.121902
0.932204
0.054069
0.049328
0.068249
0.097722
0.10441
0.050836
0.107777
0.309118
0.935344
0.053356
0.071326
0.830535
0.93994
0.934171
0.100762
0.067772
0.051605
0.088336
0.050396
0.158866
0.062461
0.044268
0.269124
0.087349
0.074327
0.087934
0.924908
0.047496
0.073268
0.929731
0.096166
0.073845
0.653057
0.898258
0.955951
0.70607
0.048022
0.096756
0.624857
0.665453
0.07922
0.74374
0.933707
0.058393
0.850769
0.061145
0.536293
0.077661
0.07244
0.049839
0.922989
0.057082
0.068144
0.931384
0.737717
0.052314
0.072451
0.052144
0.800703
0.061537
0.05274
0.242781
0.042474
0.883984
0.089073
0.069915
0.877358
0.056677
0.063062
0.076199
0.058271
0.954334
0.063433
0.096906
0.890708
0.053041
0.894066
0.06964
0.944814
0.070626
0.048951
0.057435
0.096676
0.466579
0.291556
0.048975
0.921252
0.060082
0.056519
0.05454
0.86669
0.054251
0.904001
0.063892
0.933375
0.720681
0.099873
0.941092
0.073332
0.951747
0.052384
0.735077
0.946139
0.072775
0.538215
0.070262
0.402291
0.049678
0.214539
0.058365
0.051441
0.210276
0.062896
0.05583
0.926826
0.141041
0.047598
0.731361
0.048525
0.045993
0.161548
0.077779
0.052172
0.043194
0.143622
0.928125
0.055131
0.072298
0.570754
0.205549
0.072999
0.276627
0.070953
0.060377
0.052984
0.054131
0.066207
0.869211
0.813027
0.080718
0.918279
0.054059
0.059744
0.044176
0.95715
0.05613
0.06501
0.062019
0.050063
0.059046
0.939956
0.932564
0.065545
0.927932
0.108278
0.048494
0.835985
0.160982
0.136746
0.074597
0.076916
0.123109
0.937397
0.826148
0.060596
0.069151
0.077698
0.064362
0.553616
0.857789
0.052061
0.052132
0.914838
0.055809
0.043408
0.055253
0.07399
0.377866
0.057025
0.916232
0.884214
0.111478
0.901415
0.065378
0.064693
0.090504
0.045488
0.059013
0.895547
0.052608
0.046983
0.053973
0.086575
0.751369
0.081456
0.529151
0.499667
0.923388
0.066906
0.72124
0.851345
0.968037
0.075264
0.047129
0.943403
0.356918
0.09868
0.054985
0.070519
0.083306
0.836851
0.072127
0.050199
0.049485
0.050973
0.100671
0.553626
0.900649
0.891165
0.927888
0.132703
0.06941
0.686825
0.039583
0.139863
0.14347
0.074108
0.938505
0.496019
0.078448
0.048041
0.067627
0.04922
0.051221
0.084134
0.126515
0.046027
0.049397
0.109815
0.926897
0.896414
0.190271
0.942409
0.0597
0.0622
0.05025
0.499931
0.887512
0.895781
0.056925
0.506946
0.928138
0.406272
0.062462
0.045191
0.056692
0.074198
0.055435
0.0467
0.064456
0.753917
0.915907
0.122808
0.092653
0.056242
0.077857
0.052398
0.059224
0.09117
0.938097
0.155559
0.179537
0.144854
0.075828
0.872311
0.906699
0.050619
0.059611
0.887673
0.051291
0.149855
0.072298
0.894698
0.190593
0.909464
0.084824
0.085293
0.045944
0.070594
0.067332
0.292378
0.045468
0.088217
0.94565
0.937233
0.15782
0.839733
0.054162
0.10074
0.879782
0.49968
0.054478
0.500311
0.052507
0.105159
0.894203
0.922017
0.889066
0.93571
0.043957
0.084243
0.052768
0.063395
0.816375
0.054474
0.92085
0.090965
0.047795
0.59663
0.127085
0.845113
0.04508
0.066196
0.952081
0.083771
0.066244
0.074429
0.136008
0.785166
0.041042
0.499978
0.957351
0.947361
0.09155
0.55597
0.944025
0.309951
0.95652
0.943906
0.060458
0.076189
0.654453
0.09663
0.316359
0.801085
0.885825
0.892027
0.889329
0.067099
0.761518
0.054501
0.054095
0.794147
0.063935
0.916845
0.139789
0.925844
0.94183
0.067916
0.107017
0.896964
0.935372
0.074282
0.932177
0.060913
0.095017
0.638502
0.061764
0.944688
0.815789
0.047768
0.950287
0.736125
0.110599
0.045187
0.061785
0.922065
0.06223
0.061633
0.080162
0.047288
0.065068
0.143889
0.059089
0.917735
0.227266
0.091152
0.047444
0.909458
0.922428
0.929086
0.089033
0.162932
0.050979
0.047632
0.053644
0.062882
0.909109
0.075529
0.074025
0.944286
0.924791
0.059236
0.930079
0.054714
0.058889
0.901351
0.056962
0.111618
0.92231
0.082633
0.113054
0.068625
0.128081
0.863118
0.91946
0.059631
0.73681
0.105567
0.911629
0.541815
0.901365
0.082937
0.922169
0.238248
0.413084
0.504733
0.098991
0.215297
0.061044
0.948451
0.113635
0.055184
0.072444
0.943307
0.906672
0.133601
0.158557
0.871566
0.907188
0.086232
0.904183
0.10372
0.101566
0.054764
0.072454
0.917077
0.723412
0.849827
0.048448
0.136047
0.125234
0.052439
0.057708
0.101395
0.867212
0.292146
0.070589
0.059644
0.051972
0.928797
0.126796
0.212057
0.058655
0.799295
0.075358
0.07832
0.236563
0.901356
0.906576
0.081118
0.929897
0.088965
0.547319
0.899358
0.063678
0.074549
0.499932
0.123811
0.060878
0.099314
0.082782
0.875083
0.043171
0.946585
0.061851
0.054228
0.938206
0.059676
0.155217
0.954946
0.051277
0.15583
0.3685
0.051397
0.83582
0.912251
0.107886
0.076384
0.749464
0.132788
0.774605
0.0596
0.925995
0.06253
0.060277
0.224836
0.106732
0.074921
0.05972
0.903396
0.071306
0.783162
0.079379
0.053634
0.35668
0.725259
0.12353
0.844675
0.089162
0.05338
0.944503
0.081016
0.052146
0.42431
0.065502
0.375439
0.069257
0.095359
0.051871
0.123586
0.069657
0.38736
0.085212
0.592174
0.906843
0.061412
0.805444
0.071472
0.10945
0.058752
0.057569
0.075759
0.798145
0.084729
0.173673
0.098238
0.045445
0.209551
0.063723
0.084859
0.051041
0.91405
0.060349
0.184443
0.053598
0.130659
0.114297
0.065874
0.048915
0.117279
0.137244
0.925526
0.085992
0.911245
0.05577
0.3463
0.908224
0.050095
0.946226
0.066601
0.057109
0.050369
0.138398
0.818092
0.089503
0.130375
0.614978
0.068667
0.677062
0.944755
0.733991
0.107977
0.608151
0.04619
0.485155
0.84274
0.078707
0.943196
0.095653
0.063277
0.076528
0.099704
0.928669
0.085803
0.108176
0.072703
0.048665
0.053606
0.08392
0.133289
0.903925
0.080973
0.058795
0.125842
0.054006
0.059549
0.052946
0.946586
0.057209
0.05507
0.275435
0.056536
0.094129
0.137918
0.073817
0.044322
0.144266
0.480579
0.06514
0.078536
0.917257
0.180757
0.894527
0.917029
0.08688
0.385242
0.12514
0.251718
0.067475
0.946078
0.109655
0.665196
0.091631
0.052168
0.066881
0.936656
0.075436
0.048384
0.056327
0.863812
0.871512
0.050795
0.905419
0.060904
0.058429
0.071511
0.047199
0.052982
0.599854
0.50005
0.062269
0.047199
0.115064
0.057072
0.09182
0.073435
0.783783
0.0634
0.092836
0.085109
0.070223
0.085973
0.107233
0.048504
0.04633
0.04428
0.829964
0.288801
0.925094
0.061301
0.928443
0.117464
0.047718
0.942529
0.0715
0.054921
0.080096
0.054631
0.050873
0.058347
0.099481
0.078149
0.047205
0.0608
0.057466
0.07041
0.888295
0.908059
0.758032
0.35512
0.944402
0.097649
0.903748
0.919696
0.114283
0.05947
0.807681
0.360667
0.041166
0.917781
0.051121
0.942463
0.063832
0.084804
0.896003
0.058165
0.909895
0.300714
0.072482
0.047168
0.887844
0.902233
0.058329
0.947646
0.055828
0.499895
0.894815
0.059994
0.926401
0.055259
0.097034
0.05672
0.07063
0.058319
0.699793
0.194826
0.716519
0.909212
0.044945
0.054003
0.05694
0.054354
0.099287
0.10592
0.059243
0.138349
0.915911
0.058852
0.08778
0.057818
0.511183
0.215564
0.930848
0.611762
0.323192
0.048258
0.053599
0.059216
0.95669
0.135451
0.060871
0.061717
0.049378
0.861833
0.044603
0.047367
0.962512
0.059591
0.058586
0.636371
0.937422
0.118753
0.086271
0.918959
0.547757
0.938997
0.089687
0.55205
0.0673
0.08221
0.064391
0.909684
0.059047
0.067971
0.084943
0.088662
0.062202
0.056
0.284051
0.796479
0.314899
0.130394
0.150836
0.064304
0.597046
0.499755
0.076164
0.792399
0.929455
0.946033
0.044639
0.04851
0.041861
0.546758
0.91013
0.901974
0.8703
0.885111
0.175593
0.06105
0.065156
0.053159
0.942652
0.707071
0.550586
0.07118
0.895942
0.056166
0.074481
0.076657
0.863285
0.096003
0.831859
0.842913
0.152492
0.092654
0.051447
0.101257
0.058317
0.071223
0.88067
0.089495
0.066618
0.059398
0.081947
0.499964
0.057806
0.082534
0.49975
0.103136
0.05781
0.070468
0.948454
0.073929
0.051212
0.048029
0.050571
0.729977
0.055872
0.93784
0.060473
0.054493
0.052552
0.058964
0.84659
0.042024
0.134479
0.932742
0.327606
0.930949
0.735898
0.129589
0.055019
0.891152
0.097935
0.066748
0.056698
0.499906
0.070662
0.108228
0.051731
0.708242
0.910292
0.808753
0.057733
0.058785
0.064982
0.954815
0.077981
0.083764
0.500236
0.067601
0.23439
0.113981
0.868384
0.938712
0.091768
0.060744
0.873564
0.072
0.128639
0.916852
0.089556
0.066064
0.066874
0.049504
0.952711
0.675173
0.058035
0.057956
0.052145
0.054659
0.09327
0.055333
0.059009
0.105859
0.906783
0.071602
0.086371
0.049822
0.05008
0.045914
0.929082
0.920102
0.883984
0.055993
0.751754
0.083131
0.064096
0.114803
0.063171
0.90183
0.047066
0.043239
0.942479
0.874164
0.068825
0.949703
0.362733
0.094437
0.132615
0.068508
0.887776
0.911709
0.074745
0.071208
0.805701
0.122818
0.867119
0.190612
0.230133
0.060095
0.078447
0.073538
0.058572
0.071234
0.059213
0.936744
0.054938
0.924634
0.04948
0.827261
0.049263
0.937515
0.067427
0.09104
0.049861
0.088844
0.923313
0.78105
0.086205
0.424694
0.149332
0.070247
0.126543
0.052181
0.932405
0.161397
0.106321
0.954208
0.298558
0.262884
0.761848
0.894548
0.05608
0.68862
0.121508
0.61817
0.811546
0.255311
0.052673
0.15434
0.046553
0.159473
0.341304
0.054354
0.100538
0.192188
0.065886
0.115913
0.888137
0.059805
0.95689
0.951183
0.055485
0.961645
0.059228
0.07985
0.051767
0.046288
0.254478
0.057409
0.054697
0.560562
0.076087
0.173532
0.879002
0.105209
0.084577
0.066783
0.086611
0.057234
0.089186
0.204917
0.053145
0.941837
0.053217
0.15697
0.104748
0.164332
0.207936
0.144931
0.936987
0.919798
0.056531
0.905826
0.092751
0.068342
0.066042
0.063764
0.065591
0.055196
0.06801
0.060555
0.076956
0.067546
0.217151
0.840035
0.776287
0.843119
0.917001
0.054374
0.887969
0.759283
0.06354
0.079356
0.915631
0.903804
0.047596
0.088408
0.056181
0.135756
0.350614
0.106184
0.074131
0.056698
0.873451
0.437934
0.064706
0.926094
0.070996
0.070321
0.944182
0.148676
0.939628
0.108434
0.102123
0.062168
0.056672
0.106081
0.042026
0.099037
0.047274
0.143129
0.055911
0.08685
0.51632
0.101067
0.17231
0.085668
0.421859
0.069089
0.072951
0.919649
0.052665
0.926462
0.056277
0.094911
0.923233
0.922011
0.075016
0.102037
0.499813
0.060109
0.906608
0.053163
0.942659
0.07876
0.073991
0.069173
0.659297
0.207631
0.062136
0.04212
0.085145
0.905259
0.34557
0.04454
0.05982
0.065736
0.863471
0.057557
0.044955
0.085062
0.90965
0.052911
0.095455
0.049858
0.500192
0.574917
0.925574
0.093758
0.115796
0.873103
0.576852
0.933548
0.075335
0.73643
0.048004
0.060192
0.146719
0.07227
0.934875
0.04923
0.926477
0.116246
0.077871
0.102273
0.876953
0.077356
0.064291
0.09498
0.106439
0.942111
0.048355
0.058895
0.105721
0.086382
0.948693
0.055595
0.920477
0.834528
0.096417
0.068502
0.832484
0.451104
0.063599
0.939737
0.597669
0.053194
0.953252
0.053578
0.051017
0.940655
0.342414
0.398574
0.94212
0.620095
0.047361
0.897081
0.854966
0.076217
0.153548
0.064691
0.918491
0.084512
0.644669
0.084106
0.064828
0.089753
0.046239
0.078728
0.12596
0.300294
0.73111
0.10387
0.057845
0.747684
0.952862
0.065946
0.048408
0.083988
0.050625
0.139322
0.534763
0.223164
0.892953
0.329215
0.064688
0.241759
0.843596
0.813612
0.061052
0.19797
0.07452
0.088848
0.348412
0.500085
0.052061
0.895331
0.225365
0.938373
0.048117
0.083187
0.064871
0.050927
0.351646
0.077358
0.187055
0.856822
0.499771
0.121016
0.054211
0.052088
0.053212
0.096455
0.393126
0.047748
0.074489
0.045784
0.07435
0.90786
0.041872
0.106386
0.13395
0.079442
0.083251
0.067213
0.094363
0.062524
0.082173
0.085396
0.814708
0.10264
0.499958
0.93034
0.539105
0.04277
0.500004
0.569485
0.737822
0.531185
0.060661
0.878266
0.078225
0.063811
0.087862
0.041656
0.941421
0.864714
0.957418
0.067891
0.045527
0.095108
0.078146
0.889932
0.097037
0.053648
0.803962
0.808835
0.811056
0.580097
0.908009
0.933347
0.058968
0.096113
0.049296
0.912789
0.910219
0.20824
0.313966
0.740369
0.927188
0.809519
0.086019
0.130232
0.069286
0.906299
0.877578
0.070815
0.779358
0.499637
0.950889
0.937641
0.876727
0.881159
0.816105
0.288671
0.067234
0.928834
0.136245
0.342911
0.140613
0.111485
0.144716
0.071184
0.078227
0.059562
0.078318
0.919779
0.735202
0.060019
0.500218
0.060631
0.955575
0.064445
0.04545
0.953733
0.675306
0.066696
0.165637
0.05047
0.097575
0.066942
0.104946
0.674748
0.082658
0.931613
0.051192
0.056613
0.065739
0.938908
0.499935
0.101265
0.932361
0.24543
0.940814
0.874239
0.079413
0.351183
0.069863
0.059703
0.073749
0.821319
0.047013
0.953381
0.052169
0.072275
0.094225
0.055719
0.053654
0.653062
0.057866
0.947792
0.098938
0.059416
0.639395
0.057329
0.789824
0.068306
0.100259
0.04674
0.405234
0.839949
0.939114
0.055504
0.052297
0.07542
0.245484
0.054087
0.929541
0.052222
0.925926
0.908271
0.910115
0.559619
0.949455
0.047045
0.091651
0.204606
0.941119
0.837002
0.050277
0.079142
0.081667
0.046332
0.130065
0.887558
0.091771
0.073612
0.054151
0.057496
0.774019
0.051726
0.055143
0.869308
0.099746
0.054027
0.070801
0.12029
0.461453
0.058726
0.422659
0.063619
0.055782
0.928267
0.112444
0.079539
0.90028
0.070395
0.868923
0.076671
0.920893
0.050965
0.08753
0.116768
0.905966
0.416624
0.500182
0.875132
0.928353
0.102499
0.067738
0.098877
0.907051
0.068419
0.809616
0.145951
0.683994
0.053031
0.927516
0.907402
0.915735
0.05294
0.780459
0.059834
0.093444
0.075466
0.057469
0.168866
0.082072
0.05204
0.954857
0.071213
0.914142
0.083276
0.948594
0.499764
0.904759
0.068515
0.922521
0.710716
0.049678
0.081893
0.948315
0.05196
0.940811
0.951787
0.109542
0.962763
0.056398
0.062399
0.049852
0.918498
0.069294
0.069083
0.935282
0.059999
0.071003
0.073311
0.059995
0.903103
0.095707
0.078094
0.051523
0.707354
0.913424
0.944858
0.06007
0.943781
0.835899
0.054388
0.926189
0.067836
0.906894
0.060101
0.295291
0.078524
0.894404
0.134723
0.057248
0.692783
0.126483
0.050376
0.061661
0.44658
0.730191
0.045392
0.076652
0.054392
0.0469
0.084121
0.098549
0.831345
0.057831
0.085392
0.085294
0.042504
0.055029
0.319819
0.080458
0.053712
0.148005
0.065442
0.899631
0.047174
0.052094
0.046187
0.067782
0.051759
0.947847
0.113241
0.910163
0.096004
0.045624
0.077862
0.929361
0.876715
0.0766
0.075728
0.8576
0.088008
0.099233
0.874966
0.181053
0.059476
0.042747
0.053435
0.062507
0.048659
0.05865
0.100412
0.936191
0.090172
0.083774
0.957556
0.06771
0.069387
0.95045
0.053772
0.06816
0.910098
0.137791
0.103699
0.052264
0.130248
0.055164
0.067706
0.059518
0.08075
0.072477
0.177437
0.076674
0.070513
0.499642
0.942425
0.064089
0.955591
0.076994
0.76641
0.938524
0.107987
0.08349
0.092017
0.517905
0.073449
0.080053
0.084652
0.071895
0.756432
0.049657
0.917525
0.925804
0.0575
0.123009
0.203751
0.051654
0.063604
0.128929
0.352713
0.093914
0.219885
0.960832
0.039642
0.061133
0.103784
0.052548
0.078678
0.229354
0.958911
0.865317
0.068087
0.864519
0.053816
0.92665
0.2485
0.877847
0.211851
0.500337
0.13573
0.059999
0.950913
0.051342
0.932393
0.050277
0.070085
0.061267
0.072894
0.046411
0.112424
0.042726
0.776324
0.910429
0.048336
0.777523
0.586401
0.051651
0.050707
0.941189
0.199342
0.906831
0.047343
0.919267
0.874998
0.058925
0.911898
0.855032
0.104173
0.061407
0.80024
0.896626
0.084287
0.908689
0.373858
0.050886
0.894837
0.048042
0.058538
0.879169
0.046675
0.467787
0.930678
0.061619
0.051944
0.070911
0.50001
0.533911
0.054737
0.839033
0.939774
0.042121
0.91624
0.048421
0.928375
0.671963
0.855718
0.055211
0.399944
0.348403
0.053507
0.07134
0.061753
0.074114
0.056132
0.385193
0.726322
0.893494
0.939958
0.051451
0.046467
0.055078
0.067832
0.758374
0.055476
0.052324
0.047004
0.220918
0.135941
0.954897
0.04059
0.049845
0.115873
0.937952
0.067271
0.04664
0.204126
0.070571
0.157845
0.197397
0.220653
0.078654
0.499529
0.055302
0.159311
0.143509
0.159062
0.942877
0.883858
0.060436
0.906078
0.857521
0.105345
0.097226
0.718078
0.051651
0.805514
0.10909
0.048574
0.061452
0.098019
0.053751
0.230021
0.099318
0.045864
0.937529
0.062359
0.041672
0.101597
0.946568
0.871698
0.884963
0.120038
0.065898
0.054072
0.913318
0.065195
0.942771
0.042663
0.500011
0.0443
0.959302
0.925715
0.270038
0.941303
0.054674
0.072477
0.066947
0.943939
0.116023
0.91704
0.05612
0.933538
0.055135
0.266442
0.885019
0.056485
0.04826
0.0582
0.050676
0.052251
0.879
0.910853
0.057359
0.063236
0.048577
0.532077
0.06125
0.838121
0.944958
0.06567
0.937261
0.755924
0.086019
0.049689
0.045019
0.047586
0.049433
0.948796
0.206098
0.148794
0.067972
0.936974
0.059703
0.052335
0.052694
0.075023
0.052188
0.065603
0.061541
0.0554
0.062469
0.939248
0.914403
0.044279
0.081702
0.104165
0.908954
0.066476
0.837731
0.886138
0.891618
0.874604
0.082121
0.39752
0.923844
0.840775
0.93261
0.862336
0.944785
0.055596
0.082972
0.803393
0.063696
0.056804
0.957641
0.499748
0.928641
0.073012
0.855819
0.062612
0.064633
0.94531
0.054367
0.09465
0.512774
0.499904
0.091887
0.048983
0.063223
0.067459
0.09087
0.089721
0.072801
0.187102
0.831853
0.306943
0.9535
0.919479
0.145791
0.094408
0.071343
0.884436
0.904951
0.923479
0.097024
0.0601
0.943699
0.926982
0.956559
0.053176
0.937058
0.046662
0.875908
0.094023
0.085674
0.05939
0.043968
0.075079
0.049658
0.054412
0.062194
0.060209
0.913761
0.082058
0.069052
0.071618
0.058732
0.272015
0.058842
0.058155
0.913781
0.296438
0.079286
0.048904
0.09379
0.053268
0.194399
0.105824
0.062662
0.929522
0.071178
0.050967
0.076549
0.946904
0.085593
0.073444
0.096872
0.073101
0.068016
0.907317
0.056689
0.056226
0.052936
0.917739
0.159835
0.093677
0.876098
0.050483
0.499961
0.072679
0.13059
0.045997
0.905772
0.055274
0.05854
0.059398
0.056632
0.08021
0.05834
0.062318
0.090412
0.060144
0.939966
0.065777
0.159637
0.058533
0.047266
0.049549
0.045724
0.069026
0.060264
0.075903
0.244751
0.733446
0.097235
0.058978
0.079847
0.766597
0.915495
0.06225
0.11578
0.089583
0.929634
0.048179
0.87154
0.059208
0.887102
0.063941
0.04763
0.354554
0.466916
0.248366
0.06612
0.928541
0.062043
0.868274
0.085832
0.940421
0.921622
0.870469
0.050551
0.059705
0.051751
0.956379
0.096851
0.943759
0.045601
0.782008
0.665911
0.622055
0.059051
0.887295
0.50403
0.901015
0.936992
0.048012
0.890201
0.870735
0.052002
0.747473
0.053905
0.044604
0.445421
0.055569
0.059218
0.736511
0.933054
0.925519
0.114748
0.934008
0.900222
0.253469
0.108308
0.054771
0.080214
0.059733
0.567058
0.499813
0.113691
0.047112
0.747811
0.587214
0.760318
0.864589
0.067124
0.075014
0.088769
0.106458
0.045688
0.057455
0.072548
0.126846
0.058233
0.499839
0.879008
0.576741
0.389812
0.125588
0.952478
0.909609
0.15085
0.07792
0.937086
0.053193
0.940211
0.780322
0.840995
0.08594
0.947354
0.053958
0.083404
0.771504
0.051748
0.500147
0.088269
0.054385
0.939213
0.052741
0.088962
0.055669
0.077931
0.516402
0.942894
0.076988
0.952685
0.08517
0.070738
0.041271
0.048577
0.944696
0.714904
0.0586
0.072502
0.055618
0.050253
0.92961
0.085927
0.072873
0.102175
0.201507
0.054185
0.047069
0.142907
0.92693
0.060033
0.832818
0.921803
0.801313
0.058069
0.063754
0.065324
0.059055
0.713571
0.815993
0.87023
0.780646
0.834069
0.087697
0.947335
0.929381
0.045852
0.047626
0.053799
0.763095
0.945439
0.070337
0.116058
0.043975
0.942048
0.912517
0.293774
0.088945
0.04771
0.043349
0.078474
0.867024
0.500098
0.053798
0.860613
0.068506
0.066069
0.845053
0.056322
0.048984
0.904468
0.078662
0.861137
0.044852
0.05472
0.088915
0.12081
0.332168
0.901032
0.063728
0.782998
0.053069
0.085349
0.050438
0.943719
0.056961
0.297004
0.914586
0.945998
0.048955
0.050541
0.055872
0.065523
0.062662
0.111873
0.062822
0.081367
0.060115
0.053999
0.072863
0.06198
0.871862
0.321102
0.10928
0.098548
0.054381
0.898746
0.943118
0.057692
0.048014
0.788796
0.054549
0.063712
0.845371
0.055896
0.097377
0.088368
0.949532
0.908854
0.048106
0.908091
0.919902
0.799429
0.838504
0.910915
0.046863
0.500132
0.802917
0.066728
0.090515
0.932975
0.055385
0.101895
0.052752
0.865888
0.927059
0.098761
0.136632
0.091059
0.056691
0.059266
0.765533
0.078579
0.079644
0.127617
0.087608
0.165882
0.94145
0.054888
0.500137
0.049253
0.683769
0.054578
0.909044
0.096435
0.943674
0.081181
0.632133
0.060081
0.048464
0.950313
0.172013
0.054503
0.937688
0.05197
0.051552
0.051266
0.506397
0.054102
0.077253
0.093974
0.833027
0.067975
0.871564
0.639642
0.072431
0.058797
0.228558
0.196633
0.085143
0.078321
0.089903
0.925715
0.063689
0.074962
0.068787
0.099278
0.921704
0.061456
0.083209
0.071504
0.95571
0.082391
0.062662
0.051995
0.799798
0.8811
0.603134
0.839835
0.819221
0.06442
0.21506
0.060356
0.054338
0.056007
0.437226
0.093468
0.051988
0.070884
0.090609
0.063405
0.135364
0.059637
0.085698
0.815866
0.042099
0.800263
0.94291
0.068466
0.06407
0.921698
0.111868
0.213978
0.049244
0.048137
0.07507
0.095154
0.054137
0.055443
0.933775
0.085417
0.879969
0.792137
0.046968
0.927408
0.078873
0.924823
0.075247
0.131175
0.948524
0.716187
0.927101
0.74197
0.918636
0.859344
0.939033
0.068511
0.065459
0.06519
0.073418
0.055318
0.172826
0.048556
0.928701
0.499553
0.928169
0.92263
0.291606
0.901715
0.500421
0.059901
0.331603
0.080937
0.078009
0.134393
0.047423
0.895547
0.202035
0.924059
0.057043
0.062535
0.083725
0.074343
0.766679
0.04161
0.061336
0.29075
0.0694
0.080861
0.105685
0.053722
0.076101
0.949725
0.93928
0.935695
0.046918
0.081456
0.067044
0.059342
0.926564
0.092198
0.076499
0.078694
0.121135
0.075765
0.141889
0.080765
0.943525
0.190183
0.061013
0.166374
0.054193
0.064042
0.056199
0.101819
0.085303
0.244718
0.067007
0.117308
0.063353
0.946005
0.062174
0.226599
0.646593
0.050611
0.056256
0.92472
0.085361
0.928592
0.098921
0.500008
0.857097
0.08435
0.192601
0.79175
0.163276
0.100327
0.925848
0.051083
0.097831
0.082837
0.114603
0.168911
0.911583
0.147372
0.894083
0.935759
0.047603
0.077234
0.907308
0.468875
0.052165
0.054764
0.074748
0.682098
0.056995
0.062354
0.058213
0.046953
0.887289
0.509445
0.06515
0.05777
0.697591
0.045262
0.064672
0.052862
0.063711
0.915683
0.530821
0.872379
0.379835
0.936978
0.052244
0.055705
0.073508
0.253672
0.601996
0.931334
0.049619
0.196317
0.158636
0.771256
0.049307
0.089932
0.055089
0.079114
0.096612
0.286887
0.044146
0.259121
0.051496
0.055312
0.210338
0.081433
0.060386
0.951852
0.076769
0.043581
0.865629
0.937076
0.106443
0.055075
0.109946
0.40223
0.915999
0.108003
0.89438
0.942739
0.090772
0.329438
0.872806
0.048403
0.896751
0.063479
0.314541
0.079476
0.061524
0.062828
0.436986
0.052092
0.050255
0.381141
0.107053
0.071132
0.289026
0.942923
0.844297
0.042917
0.066234
0.333182
0.097741
0.059089
0.061667
0.132329
0.115903
0.896679
0.891619
0.7941
0.792549
0.064891
0.063361
0.869895
0.042769
0.465061
0.054804
0.125412
0.960164
0.096683
0.772227
0.084378
0.050904
0.063078
0.885646
0.048982
0.063722
0.047894
0.046254
0.937367
0.944087
0.093233
0.069078
0.06553
0.093802
0.047707
0.07709
0.109027
0.094219
0.499895
0.048354
0.763447
0.799629
0.053106
0.074252
0.840928
0.670303
0.906257
0.057279
0.948082
0.059091
0.089468
0.091105
0.809494
0.899869
0.093513
0.060242
0.053272
0.061174
0.048656
0.075922
0.047878
0.065018
0.841047
0.916105
0.045125
0.758659
0.852912
0.960878
0.178675
0.054388
0.918418
0.095566
0.060435
0.045985
0.560846
0.934637
0.842472
0.900258
0.130458
0.133463
0.294177
0.190425
0.083441
0.062363
0.808027
0.104492
0.049182
0.834016
0.787183
0.052528
0.678858
0.070151
0.099069
0.916876
0.094243
0.082402
0.059955
0.084127
0.058598
0.536562
0.925122
0.852521
0.057608
0.052186
0.915716
0.077026
0.047507
0.065792
0.068984
0.93901
0.046617
0.049187
0.844669
0.068279
0.095393
0.906358
0.930769
0.093869
0.043175
0.083515
0.867685
0.180868
0.047122
0.042864
0.850816
0.293074
0.059342
0.155914
0.056035
0.906209
0.092189
0.753449
0.845859
0.257889
0.499699
0.500202
0.123985
0.048327
0.060539
0.064731
0.428535
0.061271
0.071127
0.659281
0.085861
0.049463
0.923987
0.064215
0.462739
0.930724
0.092744
0.902659
0.056137
0.094644
0.04965
0.738359
0.826555
0.060543
0.776599
0.187475
0.079839
0.906148
0.096516
0.88752
0.078161
0.160283
0.052542
0.553504
0.875361
0.095137
0.275888
0.452456
0.074615
0.064783
0.764849
0.060974
0.900869
0.049191
0.943386
0.123157
0.050448
0.063115
0.047011
0.066966
0.922383
0.101155
0.057686
0.050589
0.952369
0.066663
0.071821
0.068335
0.927118
0.050067
0.874398
0.065998
0.047129
0.069809
0.054553
0.280078
0.047401
0.948883
0.167819
0.047985
0.424103
0.078387
0.11038
0.108582
0.046266
0.058583
0.057162
0.876089
0.065129
0.561771
0.058797
0.870583
0.92491
0.077279
0.083468
0.074283
0.923031
0.944471
0.892793
0.093783
0.059814
0.059988
0.926629
0.913251
0.828346
0.049411
0.078867
0.061825
0.075001
0.042238
0.04896
0.870679
0.176619
0.952772
0.104651
0.056667
0.057851
0.056974
0.060207
0.07356
0.094636
0.052037
0.0712
0.854848
0.081309
0.411946
0.785137
0.9229
0.118804
0.066003
0.176823
0.268996
0.878702
0.883179
0.870218
0.068599
0.080166
0.08336
0.069332
0.806391
0.899955
0.509608
0.121165
0.076546
0.944403
0.660056
0.910765
0.155961
0.891206
0.069225
0.726006
0.955898
0.693185
0.621805
0.337269
0.063548
0.069632
0.053301
0.923134
0.759036
0.062145
0.16664
0.075211
0.050658
0.184089
0.087858
0.059577
0.766597
0.896009
0.614069
0.054856
0.040146
0.10787
0.150942
0.076144
0.848021
0.499756
0.246704
0.043182
0.048938
0.070182
0.720571
0.074407
0.098484
0.060762
0.06309
0.968745
0.572724
0.771871
0.049885
0.542579
0.05757
0.121063
0.467758
0.946177
0.06451
0.07316
0.047153
0.056891
0.084886
0.89942
0.94727
0.065256
0.083006
0.071558
0.927929
0.059767
0.874195
0.939127
0.051751
0.092374
0.315049
0.051582
0.046688
0.073185
0.064941
0.073494
0.052155
0.503364
0.904822
0.094027
0.899665
0.047257
0.069818
0.86354
0.057887
0.074394
0.327137
0.905234
0.076398
0.072566
0.059546
0.114283
0.907556
0.711546
0.499958
0.925801
0.830489
0.052755
0.122782
0.904363
0.941693
0.071466
0.066674
0.747913
0.052878
0.13809
0.925806
0.777409
0.482842
0.897036
0.063911
0.074037
0.729509
0.776696
0.070516
0.33618
0.939197
0.085428
0.076006
0.433772
0.083299
0.046191
0.902474
0.91057
0.88926
0.06592
0.097626
0.268097
0.04712
0.070568
0.110502
0.469244
0.083783
0.056559
0.093522
0.04835
0.881837
0.064461
0.050729
0.043196
0.905548
0.046986
0.351302
0.353182
0.611272
0.104335
0.109757
0.930128
0.072094
0.895283
0.077139
0.054474
0.047635
0.063984
0.499521
0.932646
0.08516
0.177519
0.161877
0.077601
0.039927
0.063211
0.076182
0.595446
0.14937
0.06363
0.882749
0.88917
0.954757
0.738281
0.06322
0.063498
0.936775
0.061801
0.913087
0.052725
0.079514
0.792509
0.061501
0.078351
0.51825
0.077473
0.067595
0.942183
0.141986
0.075325
0.101847
0.084866
0.930959
0.065944
0.074421
0.156243
0.044118
0.943943
0.932392
0.179004
0.086566
0.046326
0.824474
0.05606
0.851337
0.206587
0.545327
0.05397
0.119875
0.159744
0.054205
0.061053
0.83729
0.049672
0.754074
0.9265
0.046702
0.058619
0.05827
0.064597
0.128888
0.886707
0.044503
0.546222
0.052953
0.067578
0.055247
0.892445
0.075714
0.517011
0.057709
0.046725
0.060426
0.917802
0.056857
0.8892
0.0749
0.316754
0.055913
0.462489
0.908807
0.091765
0.079178
0.945802
0.499777
0.090123
0.100772
0.917262
0.878445
0.060338
0.797895
0.90921
0.07257
0.05437
0.942814
0.165672
0.044935
0.897064
0.949633
0.053947
0.40679
0.323423
0.941607
0.078248
0.893507
0.045367
0.500086
0.064282
0.822632
0.053031
0.162077
0.915409
0.054762
0.093846
0.087162
0.948408
0.06472
0.119875
0.079867
0.487517
0.067364
0.070786
0.840025
0.617657
0.945536
0.060628
0.113827
0.298483
0.946649
0.909989
0.074597
0.059405
0.060485
0.06613
0.083351
0.116139
0.087494
0.076865
0.057695
0.934493
0.291389
0.081275
0.074538
0.065427
0.87024
0.072117
0.559742
0.078279
0.064297
0.082561
0.043213
0.05168
0.917924
0.256651
0.9303
0.117546
0.06364
0.062868
0.07436
0.688066
0.359001
0.914389
0.063201
0.086638
0.891242
0.084607
0.171356
0.050879
0.047034
0.721064
0.109168
0.051781
0.947367
0.353315
0.65079
0.935914
0.08269
0.067425
0.175416
0.221791
0.141537
0.908481
0.071279
0.104319
0.170564
0.044622
0.076086
0.062574
0.464809
0.901864
0.10757
0.813984
0.05167
0.050301
0.079912
0.913137
0.930319
0.151898
0.864195
0.055112
0.045019
0.079247
0.052066
0.905811
0.904587
0.733191
0.642151
0.049679
0.960195
0.069293
0.947716
0.057681
0.801123
0.236553
0.949118
0.877176
0.062866
0.062702
0.05928
0.057017
0.077241
0.888425
0.086372
0.068137
0.07976
0.155988
0.058706
0.08577
0.844782
0.09133
0.100746
0.106746
0.906307
0.074651
0.943687
0.215467
0.048773
0.886369
0.220242
0.800637
0.929636
0.881991
0.0451
0.070855
0.127511
0.364873
0.900778
0.064086
0.110692
0.927433
0.071149
0.097908
0.905034
0.889723
0.867157
0.049386
0.945673
0.064728
0.331281
0.923001
0.043102
0.042634
0.665741
0.908783
0.078544
0.853299
0.154457
0.067765
0.065835
0.352272
0.098934
0.061348
0.891929
0.069725
0.949102
0.926617
0.05945
0.102455
0.957517
0.110587
0.054454
0.051313
0.073653
0.857411
0.769649
0.950866
0.896169
0.059275
0.891012
0.470507
0.903288
0.499928
0.934287
0.939983
0.16206
0.854841
0.249752
0.077859
0.15548
0.892491
0.115668
0.141253
0.051317
0.87684
0.0592
0.05589
0.056853
0.085082
0.941946
0.093159
0.047488
0.051812
0.886017
0.071127
0.073511
0.83828
0.774133
0.057194
0.055227
0.12566
0.070645
0.200958
0.08142
0.071425
0.06457
0.825936
0.811181
0.051893
0.054008
0.925225
0.122878
0.059876
0.915397
0.95053
0.193737
0.633636
0.127215
0.063217
0.863171
0.068372
0.078995
0.079937
0.088632
0.063016
0.055136
0.058739
0.652502
0.81721
0.941222
0.112201
0.764112
0.109551
0.90878
0.071025
0.946382
0.059366
0.943424
0.910326
0.654121
0.06407
0.057934
0.058693
0.058299
0.076486
0.083644
0.499554
0.880211
0.130518
0.071861
0.208498
0.047517
0.948865
0.051751
0.064669
0.042568
0.290634
0.930097
0.818284
0.336011
0.061646
0.930678
0.919517
0.052487
0.063912
0.045404
0.066154
0.945828
0.05492
0.766747
0.053312
0.863775
0.889372
0.938396
0.633071
0.91852
0.075404
0.063432
0.956289
0.054513
0.752187
0.048281
0.836118
0.057852
0.905342
0.052825
0.049097
0.892068
0.072855
0.052186
0.5492
0.900086
0.912769
0.063434
0.054996
0.042967
0.071829
0.056395
0.061273
0.944072
0.944516
0.068086
0.952312
0.064039
0.065737
0.053998
0.746803
0.067031
0.698839
0.051685
0.526304
0.087203
0.057723
0.916916
0.069417
0.121068
0.920482
0.06965
0.091598
0.070568
0.925826
0.078609
0.068168
0.640059
0.057013
0.580798
0.49945
0.068437
0.905748
0.089729
0.061912
0.507572
0.818827
0.098024
0.386441
0.048041
0.106459
0.060082
0.956329
0.055938
0.066832
0.060708
0.073189
0.129639
0.503908
0.053845
0.919903
0.059598
0.188611
0.80572
0.072244
0.052208
0.083601
0.063737
0.100523
0.552999
0.042122
0.107272
0.050064
0.047798
0.074457
0.36783
0.049056
0.052229
0.207554
0.113104
0.243216
0.054553
0.140627
0.042241
0.060198
0.06505
0.078797
0.062647
0.079116
0.871684
0.870283
0.063613
0.790751
0.071462
0.823375
0.924301
0.224983
0.873915
0.120433
0.0496
0.896686
0.283408
0.064313
0.0732
0.09296
0.567827
0.064254
0.065445
0.889626
0.059205
0.919017
0.920308
0.048001
0.063919
0.346779
0.053055
0.051868
0.953225
0.055812
0.915864
0.906268
0.887517
0.33698
0.057898
0.069999
0.938953
0.061273
0.065045
0.956888
0.052009
0.22048
0.261248
0.932092
0.052617
0.928056
0.052491
0.895302
0.937268
0.125191
0.849334
0.048116
0.051495
0.79894
0.952666
0.875728
0.884353
0.894737
0.088564
0.087416
0.059928
0.87537
0.049227
0.098388
0.810114
0.642336
0.051002
0.53216
0.049765
0.067609
0.906751
0.091332
0.100517
0.055162
0.056221
0.932486
0.941361
0.113396
0.050029
0.71778
0.20708
0.064158
0.070413
0.062689
0.079491
0.142216
0.159253
0.051399
0.795818
0.878028
0.419089
0.897203
0.063285
0.774405
0.356344
0.871281
0.086244
0.164449
0.060311
0.080982
0.499763
0.048432
0.097356
0.883683
0.532153
0.911245
0.065368
0.753275
0.05712
0.063901
0.138234
0.357298
0.087929
0.316104
0.309693
0.138891
0.063718
0.702785
0.904014
0.102624
0.058025
0.060403
0.511762
0.934802
0.071628
0.87309
0.084002
0.070072
0.28394
0.07063
0.141146
0.070491
0.582241
0.857919
0.907162
0.722462
0.084194
0.08895
0.894383
0.070443
0.093788
0.068695
0.046271
0.054919
0.07416
0.074195
0.08169
0.12863
0.047038
0.060002
0.106022
0.061518
0.084234
0.949393
0.175081
0.411526
0.16968
0.051009
0.26913
0.079649
0.065771
0.075339
0.783223
0.122067
0.041928
0.076548
0.070455
0.337245
0.914003
0.051838
0.062607
0.715018
0.783587
0.061029
0.323178
0.056798
0.045532
0.101386
0.058484
0.07202
0.90471
0.075947
0.057993
0.80255
0.050668
0.095757
0.067296
0.207644
0.041606
0.079796
0.057811
0.950942
0.885984
0.95586
0.089903
0.103345
0.060526
0.052667
0.078853
0.111037
0.897945
0.053446
0.851762
0.099714
0.05085
0.047525
0.89281
0.082907
0.104181
0.04645
0.066724
0.072795
0.39833
0.062488
0.95434
0.09255
0.06592
0.082708
0.189378
0.053482
0.483387
0.748654
0.875044
0.071609
0.052842
0.044274
0.855373
0.062581
0.107631
0.224889
0.042773
0.909923
0.13899
0.077701
0.077718
0.054334
0.053638
0.889866
0.940128
0.066153
0.917668
0.098014
0.093943
0.701877
0.076263
0.488177
0.115166
0.054027
0.058683
0.047713
0.087614
0.803713
0.125155
0.194565
0.773415
0.061019
0.736356
0.94742
0.499815
0.065261
0.925638
0.943712
0.059766
0.924581
0.073596
0.092623
0.050076
0.055712
0.070702
0.68157
0.072561
0.823319
0.905453
0.049845
0.049777
0.905558
0.471133
0.060408
0.053595
0.129717
0.101465
0.067748
0.075282
0.588625
0.925509
0.916637
0.775607
0.058805
0.801911
0.960216
0.836033
0.893239
0.137919
0.082259
0.048352
0.09013
0.086729
0.051926
0.95641
0.126458
0.0526
0.058573
0.039732
0.499784
0.097419
0.058666
0.066713
0.89998
0.739453
0.044877
0.802156
0.057261
0.043528
0.929458
0.705563
0.894258
0.055354
0.099321
0.071315
0.680484
0.050507
0.058008
0.105874
0.787541
0.045984
0.087369
0.148683
0.932931
0.064227
0.141229
0.052272
0.924474
0.067257
0.956613
0.168631
0.046841
0.11693
0.061702
0.072204
0.162599
0.139814
0.052554
0.078067
0.921027
0.098133
0.061572
0.071816
0.940343
0.84343
0.110932
0.056471
0.054193
0.936854
0.097853
0.076835
0.066272
0.118593
0.904865
0.304023
0.779916
0.522815
0.063891
0.145887
0.051955
0.707625
0.079847
0.073709
0.239045
0.852983
0.149865
0.104215
0.073575
0.808587
0.050948
0.921846
0.816899
0.058552
0.823877
0.062562
0.056294
0.409056
0.95957
0.317
0.907186
0.046245
0.943052
0.045396
0.91775
0.045695
0.953271
0.812229
0.051739
0.06751
0.059654
0.76599
0.905111
0.787284
0.044926
0.048039
0.156675
0.892755
0.675836
0.89371
0.935459
0.056059
0.062821
0.052911
0.089329
0.868207
0.08321
0.912284
0.328091
0.053451
0.292589
0.071817
0.101962
0.899389
0.933605
0.061527
0.350234
0.060777
0.066707
0.050624
0.044167
0.059189
0.082621
0.129783
0.050657
0.051341
0.051188
0.055703
0.88497
0.953707
0.499923
0.909254
0.103406
0.54006
0.090879
0.656793
0.053546
0.898905
0.045115
0.053242
0.057324
0.452893
0.067367
0.851872
0.069139
0.488903
0.062402
0.053425
0.13754
0.078412
0.075613
0.699813
0.911272
0.952123
0.064763
0.201845
0.05247
0.922131
0.133555
0.05941
0.047043
0.070987
0.084575
0.924274
0.074345
0.062288
0.813795
0.103916
0.913806
0.079829
0.954904
0.058495
0.51903
0.104502
0.295637
0.06167
0.958378
0.052309
0.867987
0.948521
0.065308
0.873181
0.097609
0.044059
0.596674
0.946541
0.101719
0.061429
0.49996
0.051578
0.309525
0.070268
0.058235
0.060225
0.058649
0.926148
0.913332
0.442117
0.04792
0.471614
0.953437
0.079272
0.869294
0.046488
0.070744
0.204794
0.053137
0.292001
0.945328
0.199535
0.055501
0.061254
0.115699
0.935969
0.04947
0.085261
0.073799
0.051536
0.049319
0.042459
0.081829
0.922678
0.051432
0.063602
0.964922
0.863667
0.050039
0.059902
0.329402
0.180403
0.939487
0.046797
0.953469
0.062412
0.048235
0.055747
0.08152
0.927927
0.723451
0.065163
0.892143
0.84838
0.891764
0.616137
0.047101
0.889001
0.104696
0.685941
0.91395
0.551537
0.951908
0.051741
0.16921
0.050385
0.046782
0.087928
0.18495
0.063193
0.042651
0.500125
0.062297
0.960791
0.060593
0.820781
0.094786
0.074095
0.105679
0.895506
0.134723
0.056691
0.391024
0.802157
0.932552
0.625296
0.113794
0.861027
0.077313
0.940551
0.049431
0.879861
0.958079
0.161279
0.917442
0.04715
0.404048
0.043768
0.903945
0.074759
0.956627
0.073003
0.05369
0.940134
0.104104
0.084904
0.630914
0.103654
0.057631
0.069455
0.117823
0.077517
0.881968
0.070406
0.074203
0.071763
0.066368
0.082732
0.466249
0.814637
0.049146
0.079221
0.0718
0.550327
0.066434
0.13767
0.184826
0.178211
0.058712
0.114396
0.05827
0.048395
0.045061
0.070061
0.086182
0.903521
0.893812
0.05518
0.880718
0.073342
0.062067
0.04898
0.049598
0.090601
0.908676
0.299712
0.082057
0.085972
0.899675
0.074394
0.046316
0.162477
0.894187
0.066283
0.099361
0.898063
0.391102
0.559267
0.082236
0.939437
0.141435
0.060855
0.944284
0.949199
0.164437
0.637133
0.074536
0.89871
0.95466
0.099073
0.195301
0.889059
0.064849
0.066557
0.913568
0.121608
0.081133
0.825533
0.056477
0.920854
0.04676
0.054356
0.091186
0.098682
0.932552
0.255847
0.050569
0.091482
0.044266
0.491989
0.048605
0.059112
0.068014
0.941708
0.075002
0.094442
0.065233
0.05437
0.928104
0.068206
0.048582
0.87231
0.060806
0.08259
0.050663
0.046401
0.062391
0.079582
0.091602
0.065705
0.077314
0.59886
0.932133
0.057824
0.240476
0.077011
0.044709
0.080386
0.060012
0.951536
0.076996
0.770532
0.240573
0.864486
0.058011
0.92072
0.939409
0.889701
0.440899
0.05228
0.105068
0.944269
0.502211
0.964366
0.04563
0.908117
0.702525
0.903945
0.067167
0.058915
0.064634
0.055546
0.873231
0.095787
0.053933
0.103674
0.042994
0.937217
0.079766
0.049675
0.056819
0.063781
0.076383
0.929075
0.08048
0.758856
0.940523
0.758733
0.053865
0.056395
0.053718
0.939798
0.090795
0.395865
0.734765
0.652363
0.719802
0.055998
0.042441
0.918714
0.919076
0.795163
0.051043
0.240777
0.815875
0.057814
0.324054
0.940872
0.051517
0.826282
0.04791
0.070611
0.918411
0.172557
0.729267
0.052605
0.840749
0.050434
0.092397
0.047402
0.069822
0.456982
0.908422
0.053679
0.054396
0.156462
0.065517
0.085909
0.113466
0.046107
0.062013
0.047924
0.37695
0.062554
0.073242
0.102816
0.172092
0.942751
0.705228
0.044555
0.050568
0.086475
0.103352
0.051706
0.052857
0.058421
0.077462
0.890532
0.082226
0.119058
0.068439
0.879593
0.098849
0.887351
0.077546
0.932699
0.943179
0.061246
0.837187
0.062302
0.090752
0.7099
0.904863
0.49954
0.88856
0.121864
0.059701
0.520429
0.22229
0.057573
0.125056
0.064154
0.104308
0.102436
0.895941
0.861592
0.116034
0.048529
0.057236
0.565723
0.059871
0.054493
0.064999
0.044226
0.072298
0.829924
0.140586
0.542971
0.047886
0.837632
0.482549
0.076799
0.92093
0.063342
0.075545
0.783474
0.917557
0.129298
0.078106
0.076684
0.31919
0.820702
0.93507
0.919048
0.887565
0.052571
0.920255
0.074628
0.057794
0.048727
0.069423
0.9221
0.103606
0.04636
0.04527
0.929933
0.066719
0.906952
0.824589
0.051691
0.097528
0.927918
0.054959
0.067506
0.906473
0.186969
0.943205
0.059992
0.949725
0.791393
0.151742
0.926226
0.938173
0.049742
0.077665
0.737401
0.041714
0.84218
0.25152
0.309297
0.945354
0.941609
0.061027
0.721126
0.785377
0.111541
0.079834
0.951083
0.953237
0.825046
0.953572
0.092218
0.056056
0.058249
0.059959
0.931089
0.050509
0.51733
0.154765
0.500485
0.083419
0.093869
0.060729
0.059276
0.090509
0.928334
0.071497
0.308603
0.925416
0.794791
0.084824
0.063418
0.200491
0.053145
0.500216
0.058514
0.922838
0.43132
0.862549
0.070105
0.916946
0.061234
0.059071
0.054128
0.072309
0.069608
0.096288
0.925463
0.173855
0.070844
0.067223
0.072244
0.06431
0.14994
0.919378
0.938934
0.051451
0.078459
0.050722
0.499653
0.064959
0.09566
0.053825
0.059026
0.089722
0.929464
0.689854
0.224973
0.050047
0.142822
0.076089
0.078471
0.127105
0.149566
0.053709
0.923586
0.059033
0.070443
0.049334
0.106706
0.938349
0.322367
0.129214
0.058919
0.500009
0.931725
0.063307
0.051682
0.89146
0.916272
0.910617
0.882186
0.061951
0.045745
0.500336
0.577386
0.063606
0.051877
0.05894
0.851215
0.896526
0.059723
0.043817
0.895311
0.048453
0.092737
0.830778
0.063758
0.831053
0.048709
0.063848
0.847421
0.065602
0.068046
0.477692
0.205373
0.928666
0.598426
0.046397
0.062503
0.100488
0.931261
0.929322
0.065225
