0.858518
0.058002
0.097681
0.061152
0.653141
0.848726
0.87215
0.116809
0.062229
0.083719
0.311522
0.943042
0.947673
0.59087
0.083577
0.899333
0.063298
0.044969
0.84878
0.942836
0.499665
0.936002
0.17122
0.067447
0.086928
0.046825
0.049774
0.058486
0.350204
0.11977
0.045935
0.062381
0.253346
0.130165
0.075664
0.076925
0.858748
0.051247
0.045654
0.095045
0.044501
0.100726
0.114477
0.89547
0.931628
0.074065
0.076117
0.961786
0.051988
0.263609
0.811551
0.102285
0.125158
0.905955
0.055773
0.086294
0.780144
0.944019
0.060124
0.061058
0.83993
0.091999
0.894555
0.186972
0.053762
0.177355
0.058518
0.894696
0.894681
0.079211
0.078371
0.073542
0.88713
0.49981
0.051245
0.874205
0.052364
0.909399
0.909672
0.059499
0.041817
0.231362
0.056818
0.939236
0.688895
0.886196
0.928967
0.946886
0.056336
0.061977
0.046652
0.708893
0.047395
0.050958
0.056704
0.930919
0.046907
0.051346
0.081889
0.058235
0.06301
0.067183
0.058517
0.915455
0.069666
0.957199
0.086639
0.054103
0.093064
0.819611
0.047878
0.056849
0.065837
0.576706
0.932759
0.896142
0.073421
0.082439
0.94569
0.07359
0.081886
0.939625
0.922867
0.054643
0.906931
0.083861
0.046065
0.392532
0.059275
0.13286
0.077402
0.056615
0.083973
0.128625
0.103219
0.06219
0.070989
0.897687
0.818202
0.848511
0.076377
0.08123
0.890677
0.068587
0.048978
0.080659
0.085584
0.042765
0.056314
0.94996
0.884196
0.087609
0.616714
0.050901
0.073628
0.820741
0.198622
0.906784
0.917138
0.054633
0.858967
0.06327
0.398616
0.068771
0.956429
0.084571
0.047306
0.864571
0.579863
0.091625
0.954262
0.832964
0.081781
0.047449
0.075112
0.79314
0.932445
0.050888
0.062387
0.052908
0.93633
0.328116
0.062286
0.923831
0.063635
0.077812
0.047217
0.763785
0.841802
0.060521
0.371635
0.949961
0.086635
0.056545
0.168968
0.097878
0.050324
0.054111
0.063292
0.04598
0.080838
0.0482
0.524208
0.137355
0.069536
0.531927
0.058487
0.718925
0.074597
0.231818
0.061046
0.077058
0.047323
0.058986
0.11196
0.91112
0.070999
0.122463
0.718845
0.060974
0.251114
0.65868
0.064176
0.154535
0.151774
0.108709
0.816557
0.063863
0.914819
0.071778
0.226966
0.299953
0.064095
0.937921
0.38364
0.177835
0.043119
0.076094
0.60034
0.104758
0.071578
0.150644
0.049323
0.044835
0.316158
0.880782
0.095678
0.046189
0.945102
0.073354
0.917282
0.886778
0.056051
0.907531
0.909761
0.848488
0.890703
0.042128
0.052935
0.071436
0.941138
0.528917
0.070896
0.130476
0.068373
0.091711
0.052715
0.875064
0.076447
0.056451
0.112995
0.104397
0.951268
0.088024
0.940734
0.075173
0.054572
0.555431
0.160751
0.08841
0.811547
0.075013
0.875626
0.044565
0.206818
0.948927
0.908843
0.048
0.846155
0.047074
0.049018
0.104702
0.506102
0.293948
0.041271
0.527563
0.926556
0.947048
0.118593
0.060478
0.922556
0.931065
0.769415
0.054794
0.072401
0.18598
0.822501
0.190584
0.180773
0.140267
0.635908
0.071901
0.094631
0.059455
0.060764
0.056656
0.853362
0.093411
0.428918
0.960841
0.060587
0.604382
0.917534
0.893399
0.068411
0.906516
0.930908
0.950719
0.902238
0.091192
0.086073
0.899542
0.937878
0.900247
0.769573
0.920382
0.069725
0.912991
0.756643
0.483773
0.934002
0.342428
0.049491
0.048775
0.065315
0.084627
0.053175
0.857194
0.941549
0.923973
0.887792
0.924803
0.07342
0.092135
0.069797
0.043233
0.096878
0.075307
0.092406
0.937187
0.305809
0.217277
0.75171
0.088382
0.051453
0.066717
0.948449
0.047805
0.467447
0.945993
0.865489
0.082155
0.066885
0.137873
0.078259
0.202874
0.052035
0.199048
0.56231
0.068235
0.081041
0.048677
0.946372
0.050658
0.079677
0.905693
0.049726
0.063308
0.059499
0.05239
0.908982
0.057989
0.850168
0.04601
0.060406
0.038646
0.060593
0.914384
0.063178
0.048025
0.544687
0.855845
0.537999
0.054369
0.916638
0.070946
0.851137
0.09967
0.046863
0.048343
0.899319
0.055133
0.080045
0.272089
0.918184
0.060892
0.575405
0.059468
0.95234
0.767706
0.049061
0.068395
0.457527
0.053264
0.827732
0.364691
0.086152
0.919097
0.898006
0.10112
0.49961
0.182408
0.937714
0.134936
0.051815
0.062443
0.931347
0.621704
0.164657
0.083349
0.057887
0.052969
0.880393
0.070762
0.050284
0.094775
0.084114
0.943128
0.806772
0.061552
0.054232
0.060236
0.399131
0.072466
0.792725
0.058941
0.064769
0.582303
0.059597
0.06797
0.058642
0.945752
0.668622
0.057315
0.942677
0.943259
0.089791
0.124299
0.308381
0.049857
0.833248
0.058311
0.328318
0.075825
0.151944
0.075174
0.38275
0.564789
0.058965
0.909243
0.11014
0.876276
0.059476
0.093092
0.300441
0.048993
0.090661
0.144484
0.061294
0.799522
0.070106
0.960364
0.762193
0.106374
0.056616
0.061177
0.06647
0.153476
0.124338
0.499731
0.054142
0.07688
0.088943
0.055576
0.058217
0.086162
0.055808
0.047647
0.062683
0.054919
0.879209
0.413515
0.934102
0.060891
0.055996
0.901288
0.910518
0.094217
0.158883
0.114626
0.094517
0.071099
0.054936
0.066515
0.084763
0.075296
0.106286
0.054867
0.05583
0.918151
0.055693
0.860585
0.07403
0.061779
0.922241
0.048864
0.072146
0.074361
0.76399
0.119139
0.089091
0.07049
0.054928
0.225264
0.043374
0.089944
0.055775
0.118247
0.960922
0.048093
0.052871
0.04434
0.053894
0.437266
0.205807
0.908205
0.943821
0.307053
0.219542
0.499733
0.894179
0.173846
0.096488
0.070433
0.052518
0.112045
0.056258
0.051985
0.053658
0.060089
0.05184
0.092757
0.05403
0.902493
0.913142
0.809292
0.049221
0.062416
0.063607
0.866396
0.076023
0.930631
0.476232
0.134101
0.080946
0.410958
0.943612
0.090352
0.062169
0.06193
0.059593
0.932805
0.062229
0.058007
0.195788
0.920259
0.375977
0.792956
0.079844
0.842113
0.054196
0.072667
0.913869
0.069644
0.949185
0.441721
0.343283
0.817901
0.142922
0.056319
0.054504
0.063922
0.055035
0.062952
0.557004
0.058062
0.113733
0.069903
0.145321
0.744526
0.448958
0.891447
0.059312
0.933352
0.045033
0.225544
0.121346
0.047224
0.072625
0.053852
0.835837
0.066396
0.056247
0.067951
0.926797
0.066044
0.108938
0.897689
0.049625
0.881845
0.043532
0.231849
0.05253
0.635827
0.91708
0.881814
0.061362
0.059128
0.22348
0.080107
0.442184
0.039496
0.140325
0.092069
0.120057
0.079285
0.658917
0.051494
0.862642
0.904111
0.064488
0.059291
0.954891
0.04931
0.904877
0.04578
0.111307
0.92958
0.130948
0.143741
0.088532
0.072073
0.067366
0.041453
0.152147
0.050168
0.041268
0.061669
0.071232
0.07772
0.843037
0.272932
0.056801
0.206822
0.878646
0.141715
0.081596
0.066436
0.055914
0.150843
0.061958
0.090042
0.067831
0.197092
0.121742
0.05335
0.059876
0.102905
0.069889
0.053489
0.372215
0.162884
0.14916
0.106312
0.041579
0.109004
0.048919
0.074915
0.076913
0.531702
0.068211
0.057783
0.068225
0.060906
0.064694
0.875122
0.846792
0.070363
0.073431
0.106959
0.840746
0.056518
0.913536
0.935711
0.732302
0.943301
0.118456
0.914491
0.065519
0.957901
0.098863
0.8973
0.543321
0.08478
0.062925
0.080695
0.891863
0.841148
0.890415
0.065387
0.93688
0.942227
0.915197
0.122564
0.069764
0.243376
0.139267
0.064222
0.134933
0.063983
0.063623
0.0545
0.045873
0.232218
0.067806
0.840373
0.072934
0.903536
0.929678
0.101084
0.169669
0.499748
0.937311
0.128888
0.897727
0.047264
0.919033
0.173871
0.063996
0.054772
0.078425
0.104912
0.770521
0.070185
0.070821
0.07662
0.570744
0.850177
0.134522
0.078297
0.123584
0.09923
0.064327
0.062099
0.065336
0.786711
0.051624
0.129188
0.061684
0.0954
0.050254
0.068543
0.07278
0.053463
0.096943
0.050815
0.053989
0.747742
0.057895
0.066262
0.204287
0.071534
0.092361
0.051925
0.076986
0.917588
0.048657
0.078623
0.06568
0.92852
0.063442
0.838111
0.061335
0.81892
0.057297
0.667079
0.911435
0.167552
0.060156
0.108412
0.055373
0.116825
0.500098
0.058754
0.062538
0.048023
0.876044
0.240992
0.17778
0.048378
0.064122
0.046037
0.110374
0.913861
0.24802
0.105785
0.06127
0.077119
0.088953
0.05226
0.947252
0.051351
0.098871
0.37412
0.949204
0.060349
0.943588
0.727584
0.073476
0.050554
0.095734
0.071685
0.904161
0.05204
0.137866
0.070004
0.057628
0.075706
0.269025
0.064016
0.057681
0.469178
0.093059
0.17912
0.071512
0.058552
0.047989
0.710198
0.923991
0.054706
0.064292
0.088557
0.053994
0.051786
0.872596
0.932205
0.19705
0.04016
0.889874
0.100674
0.111629
0.06224
0.062546
0.906624
0.929486
0.068654
0.102566
0.05854
0.092148
0.221288
0.178162
0.904876
0.842857
0.077582
0.058601
0.097565
0.051909
0.243147
0.805114
0.077384
0.060534
0.096972
0.772288
0.071576
0.941376
0.072309
0.632879
0.265305
0.939346
0.055917
0.939056
0.127354
0.053874
0.065302
0.072597
0.499732
0.179246
0.943299
0.939612
0.091503
0.058016
0.098832
0.852577
0.140366
0.500322
0.04332
0.072463
0.070837
0.055762
0.160308
0.866096
0.122018
0.06968
0.133373
0.105552
0.061127
0.079277
0.089514
0.887487
0.080855
0.075468
0.058956
0.060178
0.047332
0.257539
0.088012
0.088631
0.898663
0.057636
0.105683
0.056492
0.898905
0.06233
0.947324
0.06712
0.068077
0.062087
0.145908
0.125448
0.048257
0.051118
0.074927
0.939772
0.047498
0.044566
0.07275
0.146087
0.899507
0.045596
0.888057
0.047534
0.370406
0.871328
0.798599
0.891363
0.504817
0.04666
0.060105
0.072833
0.057163
0.058343
0.048365
0.862151
0.078832
0.049461
0.087452
0.941967
0.089079
0.952423
0.076936
0.046867
0.073854
0.077384
0.50009
0.500131
0.110387
0.108367
0.069463
0.190414
0.072503
0.691042
0.95252
0.096253
0.929017
0.570296
0.896471
0.929541
0.384726
0.064588
0.408224
0.910324
0.905321
0.057347
0.151855
0.705298
0.135134
0.172548
0.933414
0.894277
0.08007
0.10373
0.298172
0.411767
0.908411
0.937255
0.944318
0.124026
0.04209
0.044003
0.881894
0.89551
0.499517
0.668929
0.041707
0.201549
0.061142
0.062192
0.923085
0.847178
0.785464
0.101228
0.065107
0.958928
0.910014
0.094938
0.065149
0.057529
0.379882
0.042694
0.737781
0.802014
0.861297
0.049445
0.949411
0.850396
0.049425
0.403124
0.809211
0.960931
0.062317
0.11315
0.095201
0.929609
0.071026
0.063288
0.728146
0.059586
0.069318
0.110672
0.050974
0.047234
0.068321
0.06398
0.048436
0.086878
0.937479
0.077535
0.377225
0.061107
0.052857
0.895851
0.06775
0.051814
0.068355
0.921832
0.951355
0.060874
0.066454
0.41279
0.192531
0.081728
0.055573
0.054202
0.063752
0.046204
0.07012
0.290445
0.064647
0.933221
0.068589
0.454285
0.057407
0.075503
0.101138
0.063007
0.052771
0.944247
0.049515
0.090978
0.052919
0.087371
0.93864
0.48605
0.864938
0.052446
0.845338
0.904848
0.09711
0.255546
0.085287
0.074713
0.063144
0.125365
0.099005
0.439075
0.928386
0.916027
0.909787
0.089058
0.17412
0.055895
0.054191
0.412462
0.88241
0.899237
0.052321
0.055208
0.946722
0.07219
0.316482
0.140991
0.813171
0.562902
0.872471
0.50787
0.859152
0.057224
0.079562
0.763779
0.051307
0.671104
0.052108
0.074186
0.797142
0.111656
0.052068
0.046472
0.05518
0.944532
0.166355
0.127657
0.065301
0.909716
0.889964
0.101504
0.932509
0.757575
0.108282
0.89556
0.083359
0.080944
0.049498
0.147354
0.049591
0.883551
0.043633
0.06772
0.106852
0.082373
0.825159
0.216746
0.085418
0.922988
0.943331
0.796465
0.152486
0.092685
0.927234
0.893345
0.951278
0.052792
0.051518
0.051727
0.050462
0.08458
0.248377
0.064379
0.060296
0.099566
0.079334
0.089099
0.064187
0.064202
0.838144
0.050488
0.049184
0.867514
0.053303
0.079188
0.948905
0.374736
0.181339
0.08105
0.407031
0.931252
0.825653
0.935615
0.055978
0.057618
0.051538
0.951736
0.071122
0.059188
0.791807
0.944177
0.472834
0.059253
0.131414
0.049185
0.940676
0.926866
0.250797
0.239415
0.095644
0.202717
0.069781
0.127791
0.054719
0.096608
0.08752
0.829596
0.104942
0.069694
0.05218
0.057651
0.726731
0.7273
0.053889
0.150906
0.136238
0.273835
0.903614
0.057444
0.823988
0.06452
0.075978
0.951078
0.725726
0.22304
0.052837
0.947611
0.969269
0.329915
0.06553
0.913849
0.059502
0.051132
0.070899
0.336108
0.058005
0.07029
0.380355
0.114213
0.868035
0.062065
0.115922
0.596133
0.823486
0.091832
0.135378
0.932574
0.064824
0.068149
0.737495
0.927982
0.061342
0.937862
0.057125
0.082294
0.834427
0.053465
0.075344
0.155502
0.047124
0.065021
0.737723
0.06086
0.941565
0.695579
0.072562
0.085239
0.207057
0.103737
0.102287
0.049648
0.843606
0.938013
0.065574
0.052314
0.949505
0.93641
0.060911
0.148803
0.102227
0.212072
0.774601
0.912189
0.058584
0.923721
0.815148
0.125281
0.844371
0.109134
0.954838
0.052341
0.069425
0.553626
0.065145
0.499872
0.918978
0.85483
0.055059
0.924364
0.1118
0.055259
0.06383
0.091272
0.049263
0.922078
0.051467
0.054056
0.086392
0.924991
0.068095
0.943584
0.924725
0.933706
0.630052
0.885386
0.547914
0.224662
0.841899
0.927628
0.066327
0.557458
0.088563
0.088908
0.398426
0.081935
0.123601
0.868382
0.064428
0.94606
0.155417
0.897497
0.076511
0.135367
0.941714
0.630926
0.071754
0.300546
0.500009
0.905095
0.053666
0.042708
0.82343
0.131655
0.949834
0.168968
0.063985
0.048006
0.045895
0.121372
0.499783
0.050611
0.113625
0.0528
0.057501
0.900821
0.941541
0.056156
0.493967
0.862061
0.49993
0.079957
0.481898
0.106192
0.807168
0.057279
0.687266
0.339832
0.065038
0.344645
0.834683
0.085016
0.789719
0.063388
0.062383
0.900285
0.059736
0.05192
0.948207
0.074352
0.567296
0.108333
0.05888
0.748904
0.046991
0.916611
0.056552
0.056563
0.147167
0.944393
0.148473
0.935444
0.059306
0.055303
0.19855
0.056671
0.793952
0.075162
0.072378
0.918636
0.081599
0.889521
0.050761
0.062185
0.925308
0.083002
0.074909
0.06149
0.307129
0.075493
0.064518
0.949592
0.851446
0.127104
0.064347
0.066894
0.948098
0.92092
0.051918
0.077306
0.345077
0.275281
0.930201
0.095548
0.080364
0.076696
0.233619
0.520341
0.202155
0.911604
0.066282
0.119068
0.085854
0.176769
0.882729
0.190385
0.051474
0.499646
0.871341
0.500196
0.086425
0.925183
0.900867
0.096972
0.135556
0.068531
0.358672
0.947203
0.856755
0.053747
0.924591
0.052916
0.943874
0.241337
0.055531
0.892565
0.101159
0.093779
0.819736
0.081936
0.321573
0.706227
0.906817
0.869378
0.056181
0.817252
0.926329
0.05622
0.961837
0.878526
0.067914
0.896402
0.44903
0.917376
0.0615
0.052176
0.802813
0.805723
0.054798
0.16942
0.051638
0.938247
0.047922
0.728533
0.046787
0.439252
0.887457
0.097363
0.056221
0.208117
0.057935
0.068127
0.057038
0.061388
0.066658
0.905265
0.0547
0.061049
0.073593
0.065064
0.499996
0.940661
0.063083
0.715423
0.057909
0.055451
0.941405
0.861453
0.093151
0.140452
0.047167
0.068926
0.225867
0.058392
0.883798
0.164807
0.069469
0.857702
0.826695
0.059749
0.066553
0.048106
0.061598
0.924252
0.053534
0.928962
0.057512
0.08848
0.683308
0.051451
0.500081
0.086565
0.0761
0.056072
0.836498
0.062662
0.066688
0.277595
0.085326
0.942501
0.121154
0.917168
0.850359
0.053852
0.055971
0.05245
0.068848
0.875391
0.890052
0.060711
0.273135
0.13672
0.209977
0.899976
0.948242
0.052034
0.050435
0.085339
0.053865
0.056831
0.060681
0.131904
0.090634
0.856556
0.049585
0.087618
0.106859
0.896424
0.090761
0.14694
0.049899
0.894879
0.054557
0.06102
0.871262
0.081336
0.080843
0.044494
0.095522
0.806086
0.145037
0.843722
0.071016
0.127251
0.114123
0.056453
0.08175
0.133626
0.943284
0.061292
0.093557
0.284146
0.051515
0.948966
0.060712
0.054171
0.972386
0.071355
0.052725
0.0466
0.10336
0.943674
0.051192
0.909969
0.873225
0.069181
0.112626
0.05013
0.059797
0.046941
0.4085
0.811972
0.051062
0.257244
0.332585
0.149556
0.412852
0.08413
0.057178
0.074894
0.059776
0.892092
0.071298
0.051723
0.923323
0.912295
0.94941
0.088931
0.07309
0.046639
0.096172
0.064738
0.053097
0.295105
0.108472
0.911334
0.071472
0.102037
0.076631
0.048372
0.894668
0.058339
0.044468
0.158133
0.068284
0.079574
0.9449
0.499451
0.730161
0.857315
0.0533
0.115596
0.069366
0.23351
0.905704
0.056771
0.055505
0.941859
0.890708
0.047313
0.934631
0.129304
0.252844
0.111247
0.895745
0.048686
0.053406
0.570538
0.90711
0.109855
0.046577
0.769406
0.118034
0.049647
0.062065
0.078354
0.927406
0.933035
0.074772
0.114
0.059501
0.047406
0.909011
0.144905
0.891666
0.048514
0.315746
0.898198
0.095406
0.071624
0.916706
0.895993
0.09109
0.910649
0.130726
0.101101
0.05535
0.049697
0.180051
0.069088
0.06332
0.367069
0.056735
0.081089
0.063415
0.731557
0.089514
0.095573
0.189818
0.803172
0.164299
0.069459
0.086765
0.134454
0.039007
0.088505
0.895673
0.469646
0.04869
0.086145
0.923826
0.111426
0.773785
0.723701
0.916434
0.068577
0.117675
0.921439
0.073851
0.427326
0.05951
0.078268
0.047587
0.077724
0.925507
0.926497
0.934986
0.044057
0.500054
0.920006
0.042231
0.102722
0.10798
0.116455
0.063299
0.136692
0.082546
0.057617
0.095286
0.091865
0.117646
0.080767
0.087121
0.039595
0.902236
0.086854
0.768379
0.056572
0.063856
0.048412
0.153137
0.067055
0.112979
0.101441
0.076048
0.487243
0.886647
0.118498
0.046347
0.245998
0.053977
0.04999
0.104618
0.89516
0.943138
0.929883
0.077771
0.071877
0.905462
0.078417
0.842766
0.066993
0.133151
0.10536
0.138443
0.932578
0.589278
0.056861
0.092174
0.056905
0.078582
0.760259
0.105478
0.096132
0.740562
0.073873
0.054134
0.67284
0.052723
0.049543
0.136614
0.055479
0.050561
0.149438
0.930483
0.78418
0.947043
0.062396
0.923402
0.044006
0.057612
0.099723
0.523641
0.910821
0.066798
0.069273
0.087033
0.058148
0.12658
0.083127
0.074312
0.101029
0.053376
0.723331
0.056452
0.100663
0.945383
0.921378
0.073677
0.500169
0.057844
0.638866
0.503329
0.077358
0.083531
0.180458
0.89449
0.500205
0.935724
0.056542
0.042038
0.735502
0.044162
0.079483
0.121737
0.05121
0.155542
0.281447
0.073032
0.109982
0.186039
0.049651
0.910871
0.073009
0.062855
0.052039
0.079018
0.393466
0.06547
0.049977
0.635025
0.126352
0.05159
0.055846
0.771246
0.930387
0.876758
0.045883
0.081453
0.145214
0.076083
0.074679
0.576499
0.062547
0.893747
0.889338
0.81053
0.073505
0.065637
0.876553
0.079966
0.832295
0.05218
0.045158
0.080479
0.086637
0.939209
0.072035
0.057625
0.806958
0.922155
0.066443
0.347966
0.370454
0.082174
0.06577
0.072439
0.050361
0.093432
0.758693
0.073646
0.079352
0.906376
0.125875
0.690377
0.07983
0.070268
0.078815
0.100539
0.069452
0.527404
0.053305
0.103287
0.088751
0.097968
0.063337
0.869605
0.163249
0.050272
0.052326
0.066724
0.088104
0.881452
0.897877
0.143945
0.663559
0.576602
0.056645
0.125161
0.075883
0.070867
0.0495
0.499564
0.871561
0.854916
0.733767
0.867824
0.048585
0.064619
0.069477
0.710421
0.897686
0.94726
0.939378
0.063171
0.868554
0.08086
0.939881
0.1013
0.869923
0.851197
0.056687
0.069982
0.078679
0.8915
0.858709
0.043268
0.071844
0.10371
0.064802
0.17513
0.120844
0.929936
0.197941
0.076546
0.246306
0.81665
0.373224
0.13202
0.049585
0.891266
0.153525
0.916122
0.634086
0.570133
0.049486
0.068775
0.046114
0.072721
0.091277
0.064326
0.630566
0.395696
0.062781
0.055967
0.103316
0.950496
0.500058
0.061684
0.115236
0.474102
0.46882
0.60672
0.898173
0.069569
0.93836
0.90752
0.850685
0.935049
0.316267
0.249302
0.913875
0.119014
0.887141
0.049533
0.065972
0.080958
0.537204
0.700842
0.051022
0.086275
0.705087
0.853242
0.07952
0.112562
0.080496
0.598341
0.069538
0.07613
0.944838
0.052448
0.90543
0.931202
0.823227
0.159085
0.051254
0.494252
0.064558
0.123017
0.104113
0.102772
0.068223
0.06777
0.065624
0.062107
0.120595
0.92928
0.085175
0.067802
0.087249
0.742603
0.830069
0.054404
0.360623
0.074182
0.935455
0.130236
0.910788
0.100333
0.936489
0.056284
0.049653
0.823339
0.294817
0.893859
0.340327
0.927599
0.093231
0.559699
0.082612
0.903878
0.090928
0.523552
0.067802
0.083179
0.049556
0.046062
0.06941
0.048026
0.869678
0.081076
0.067069
0.90234
0.210327
0.064177
0.061059
0.948441
0.054142
0.051358
0.254407
0.045509
0.061508
0.058374
0.786765
0.788565
0.633564
0.08416
0.951141
0.102725
0.84015
0.146306
0.199419
0.155919
0.845875
0.060888
0.058341
0.043442
0.371234
0.948941
0.061121
0.172568
0.956208
0.075355
0.078586
0.065302
0.64092
0.090582
0.068491
0.907769
0.939637
0.857291
0.054549
0.921
0.355239
0.080565
0.412578
0.754568
0.050858
0.053007
0.82303
0.052039
0.944085
0.764912
0.06322
0.945017
0.101844
0.106911
0.058857
0.918292
0.200471
0.337609
0.069913
0.900457
0.052744
0.076647
0.204827
0.205356
0.049796
0.089002
0.081
0.072146
0.066461
0.741044
0.919594
0.097315
0.138059
0.868318
0.921482
0.87467
0.912968
0.044825
0.063984
0.741581
0.696533
0.8908
0.896292
0.331821
0.050783
0.078336
0.304742
0.40986
0.053191
0.298286
0.118161
0.183796
0.080466
0.068243
0.207459
0.065083
0.061079
0.871902
0.081325
0.905916
0.118967
0.057516
0.941532
0.951258
0.07065
0.25361
0.052326
0.103413
0.306412
0.925035
0.093045
0.684018
0.077039
0.915407
0.851019
0.086019
0.897534
0.050773
0.063063
0.096451
0.149591
0.076621
0.057949
0.038067
0.055944
0.083643
0.390311
0.059135
0.803499
0.059423
0.499813
0.117915
0.079607
0.15984
0.058119
0.070461
0.060481
0.080538
0.090856
0.07615
0.043162
0.10454
0.083288
0.859311
0.046696
0.759972
0.063366
0.049692
0.154664
0.914564
0.089001
0.836841
0.092544
0.087049
0.903508
0.042756
0.918717
0.046723
0.684659
0.063966
0.045597
0.049133
0.082253
0.046791
0.922219
0.068462
0.055104
0.075533
0.055323
0.460094
0.934758
0.075613
0.069929
0.066042
0.285155
0.076461
0.0546
0.93281
0.060857
0.702278
0.085502
0.810331
0.059451
0.047214
0.870856
0.067009
0.065354
0.948365
0.152954
0.951852
0.142745
0.857318
0.895899
0.863992
0.045953
0.055896
0.051401
0.062662
0.925187
0.891606
0.060381
0.933785
0.08015
0.821307
0.402578
0.094503
0.061226
0.05538
0.052018
0.884648
0.360024
0.103016
0.04698
0.952775
0.051155
0.047191
0.056568
0.071762
0.061552
0.609048
0.047842
0.119258
0.039926
0.500347
0.884247
0.546599
0.112562
0.081948
0.048936
0.898061
0.083417
0.900338
0.948906
0.073052
0.91953
0.901594
0.941422
0.06563
0.061054
0.499632
0.063777
0.141827
0.05486
0.824236
0.116061
0.057545
0.933296
0.100172
0.06021
0.367667
0.063207
0.048595
0.040281
0.124244
0.064385
0.433411
0.065425
0.059243
0.062227
0.817375
0.500262
0.918722
0.809493
0.753208
0.364854
0.892589
0.901946
0.125148
0.870917
0.064577
0.108178
0.061133
0.192272
0.728806
0.047952
0.751854
0.185226
0.927141
0.099014
0.829247
0.500239
0.869761
0.064677
0.111851
0.047317
0.081853
0.16525
0.893301
0.892941
0.84406
0.058236
0.499935
0.058658
0.90548
0.681078
0.048475
0.076942
0.039813
0.063184
0.931629
0.081087
0.052217
0.887096
0.051031
0.051269
0.05233
0.120638
0.048622
0.114102
0.946629
0.966186
0.072922
0.230002
0.074472
0.102142
0.058048
0.050288
0.102192
0.937132
0.941185
0.058837
0.05579
0.045342
0.945663
0.056969
0.11628
0.092567
0.069083
0.101044
0.06055
0.102178
0.050556
0.046622
0.906642
0.658278
0.072149
0.045675
0.099068
0.074491
0.953364
0.225891
0.094239
0.059301
0.052946
0.068242
0.819602
0.864546
0.755568
0.067406
0.103216
0.893088
0.06137
0.054329
0.05608
0.088138
0.956235
0.064196
0.923551
0.046789
0.068019
0.938038
0.921884
0.072055
0.058519
0.07157
0.08941
0.070885
0.748394
0.045904
0.869924
0.92192
0.753806
0.174709
0.936112
0.865824
0.052554
0.064516
0.046609
0.061988
0.897411
0.937872
0.09732
0.779488
0.75942
0.893248
0.952883
0.931861
0.931566
0.211937
0.066307
0.946827
0.075088
0.107197
0.046319
0.812136
0.061872
0.066628
0.055721
0.816232
0.899159
0.924978
0.423609
0.043247
0.062977
0.944243
0.50015
0.900297
0.128684
0.300006
0.801833
0.158457
0.135712
0.919574
0.851955
0.861198
0.067787
0.059186
0.050982
0.09749
0.672569
0.108221
0.086742
0.055803
0.609591
0.043054
0.125606
0.900683
0.92977
0.08073
0.840034
0.049369
0.046952
0.074452
0.728147
0.877938
0.066425
0.296402
0.193816
0.869826
0.856599
0.139647
0.073465
0.099476
0.266084
0.072458
0.213652
0.05157
0.064179
0.051278
0.054715
0.087405
0.845825
0.050305
0.053281
0.111637
0.071172
0.499515
0.059318
0.132169
0.098065
0.924787
0.067892
0.946351
0.145628
0.052209
0.044059
0.871786
0.55336
0.85181
0.10423
0.071481
0.113788
0.07732
0.794265
0.93595
0.92273
0.055077
0.054694
0.111089
0.896949
0.101328
0.104853
0.073476
0.282456
0.937057
0.153873
0.933026
0.191862
0.119737
0.688702
0.124614
0.414617
0.918927
0.947888
0.066365
0.686614
0.912471
0.043889
0.064694
0.850827
0.05661
0.057013
0.106639
0.078411
0.064791
0.915171
0.921802
0.86892
0.076005
0.83767
0.058261
0.072009
0.059049
0.833648
0.791817
0.868639
0.226081
0.942463
0.06922
0.135277
0.59555
0.955738
0.580456
0.848051
0.576657
0.915476
0.471137
0.107785
0.084407
0.050502
0.060295
0.885124
0.083104
0.500139
0.049631
0.871644
0.904031
0.793285
0.754872
0.860609
0.048875
0.11711
0.058569
0.054195
0.834933
0.941366
0.903423
0.923429
0.918059
0.064075
0.049109
0.923581
0.485936
0.08145
0.052713
0.745958
0.93754
0.074982
0.05919
0.067742
0.133443
0.136921
0.875771
0.893616
0.060328
0.04645
0.062595
0.10029
0.720635
0.608924
0.872629
0.075689
0.860385
0.160537
0.061719
0.499549
0.85234
0.055067
0.046147
0.08256
0.052575
0.088262
0.147296
0.054771
0.186128
0.070808
0.904617
0.050618
0.598918
0.061833
0.863715
0.048254
0.058262
0.891084
0.665335
0.095091
0.060425
0.076103
0.068128
0.500123
0.093802
0.057086
0.138647
0.860755
0.868006
0.077131
0.048592
0.274484
0.075774
0.133545
0.898919
0.069314
0.058983
0.085856
0.053826
0.066496
0.074305
0.825208
0.057834
0.059427
0.103663
0.051835
0.06872
0.064999
0.09024
0.044553
0.499333
0.947507
0.416097
0.93345
0.954332
0.894675
0.071607
0.089122
0.946853
0.050701
0.499799
0.090003
0.046791
0.071707
0.897614
0.802155
0.830478
0.500436
0.664935
0.865019
0.304954
0.941704
0.075398
0.064399
0.054027
0.914634
0.065663
0.053033
0.063056
0.057187
0.821579
0.914387
0.084553
0.896615
0.796603
0.052362
0.13969
0.118839
0.06547
0.05254
0.062851
0.061165
0.91223
0.082665
0.500226
0.908566
0.129996
0.055501
0.820785
0.098759
0.056529
0.055982
0.053007
0.173458
0.073037
0.068561
0.148319
0.074711
0.070143
0.767323
0.941608
0.049376
0.062574
0.894161
0.056867
0.770749
0.052332
0.939599
0.044836
0.065323
0.09504
0.067562
0.184972
0.053685
0.067433
0.830586
0.086337
0.059353
0.061367
0.362298
0.061159
0.103088
0.075716
0.060058
0.174008
0.072737
0.111247
0.939425
0.948504
0.91733
0.945739
0.051644
0.747102
0.060317
0.067315
0.060533
0.882804
0.908012
0.068772
0.099968
0.961046
0.439768
0.175102
0.917175
0.047869
0.241269
0.741659
0.073506
0.074191
0.217056
0.058291
0.125532
0.069236
0.065034
0.073437
0.08507
0.059955
0.881938
0.055086
0.097914
0.045838
0.87995
0.074158
0.055299
0.499747
0.070231
0.824533
0.055846
0.049084
0.706121
0.068496
0.057898
0.756779
0.097059
0.127299
0.060449
0.092627
0.04751
0.053573
0.091915
0.046064
0.186761
0.797707
0.117846
0.051532
0.159246
0.933304
0.119081
0.058855
0.074111
0.891189
0.058808
0.085908
0.053066
0.682543
0.051034
0.886205
0.95054
0.747856
0.063782
0.040728
0.061196
0.880321
0.079973
0.499829
0.942931
0.91204
0.072817
0.301142
0.925578
0.933792
0.879169
0.053218
0.081439
0.057837
0.105871
0.10676
0.08074
0.913804
0.924072
0.956828
0.076657
0.060604
0.905722
0.05243
0.093507
0.944595
0.050778
0.051624
0.06482
0.059347
0.159876
0.058085
0.056634
0.152189
0.073577
0.934493
0.93194
0.273298
0.094301
0.121452
0.505847
0.894882
0.923432
0.074516
0.914455
0.064826
0.196201
0.912083
0.28119
0.050206
0.079418
0.900213
0.187601
0.092867
0.04426
0.183228
0.43405
0.179162
0.138329
0.058034
0.103708
0.051533
0.156768
0.054222
0.05443
0.093816
0.95106
0.071002
0.058527
0.080841
0.500088
0.873559
0.084352
0.922102
0.052935
0.887738
0.70983
0.812197
0.115939
0.130814
0.270652
0.065249
0.095086
0.091837
0.048087
0.063776
0.041051
0.058117
0.926932
0.058069
0.090413
0.158178
0.924375
0.499743
0.057378
0.084987
0.737552
0.889994
0.053876
0.503475
0.048256
0.882066
0.806584
0.070943
0.055793
0.065867
0.953483
0.821401
0.059901
0.952303
0.043343
0.088434
0.064155
0.912745
0.117633
0.068888
0.048387
0.682643
0.056454
0.074633
0.815298
0.090411
0.957406
0.061172
0.43816
0.063158
0.660323
0.752299
0.070653
0.917969
0.053902
0.058032
0.924275
0.075993
0.050174
0.91151
0.062433
0.8962
0.056514
0.910729
0.083365
0.917121
0.05526
0.927429
0.069328
0.939742
0.895282
0.503707
0.931498
0.044927
0.918015
0.117308
0.064112
0.058473
0.869279
0.054492
0.062947
0.050533
0.073475
0.125749
0.047193
0.688314
0.635742
0.157752
0.042978
0.74832
0.914791
0.869927
0.134204
0.19108
0.064409
0.947308
0.236122
0.838064
0.073969
0.916509
0.077443
0.05727
0.166777
0.14794
0.926877
0.902548
0.145937
0.083511
0.886871
0.072098
0.704641
0.074256
0.059809
0.055883
0.05367
0.619108
0.310521
0.052509
0.898187
0.90318
0.419715
0.317188
0.891497
0.892049
0.08681
0.060874
0.048016
0.782132
0.802026
0.920024
0.500361
0.069151
0.677917
0.421961
0.538065
0.500095
0.066375
0.044561
0.073367
0.054857
0.920603
0.936379
0.09633
0.759899
0.052787
0.08297
0.194045
0.053257
0.059148
0.442866
0.83085
0.065287
0.790537
0.073875
0.054555
0.893575
0.08886
0.886838
0.928384
0.052298
0.671858
0.619014
0.087857
0.144919
0.053395
0.060684
0.588252
0.064392
0.068491
0.077513
0.918881
0.078833
0.114135
0.085089
0.130767
0.924501
0.875638
0.958078
0.086054
0.068438
0.934164
0.499851
0.090554
0.954623
0.081452
0.246744
0.052948
0.082708
0.280363
0.056481
0.058351
0.051783
0.852229
0.931913
0.063396
0.066169
0.065274
0.050461
0.887261
0.051622
0.052355
0.288857
0.099842
0.848511
0.086035
0.064121
0.044863
0.064378
0.084312
0.081403
0.069009
0.108375
0.152788
0.044815
0.059727
0.865891
0.059031
0.332543
0.274849
0.902187
0.908884
0.057638
0.063244
0.091629
0.116718
0.056053
0.921154
0.070599
0.069535
0.048539
0.061842
0.913556
0.942367
0.070677
0.055436
0.936019
0.864408
0.085315
0.065375
0.054254
0.922929
0.071836
0.943139
0.081886
0.911743
0.933464
0.054495
0.049063
0.054012
0.85101
0.924156
0.081778
0.071008
0.047044
0.296929
0.059097
0.065962
0.890859
0.051466
0.894325
0.895676
0.248373
0.143557
0.168128
0.855078
0.073159
0.050004
0.803265
0.049186
0.060177
0.050026
0.067021
0.061887
0.059014
0.069848
0.948548
0.837651
0.095325
0.930857
0.088027
0.055901
0.066298
0.074445
0.603348
0.068421
0.052886
0.721156
0.943334
0.062718
0.724632
0.780231
0.078784
0.057066
0.05402
0.06068
0.934682
0.499754
0.782175
0.047348
0.07212
0.528807
0.920458
0.098875
0.055875
0.958069
0.174274
0.059075
0.571895
0.656695
0.052334
0.15657
0.118786
0.945335
0.072634
0.941502
0.062958
0.052611
0.203817
0.892992
0.072007
0.885094
0.882254
0.075454
0.79114
0.089894
0.34004
0.071726
0.914655
0.234874
0.058365
0.058508
0.703349
0.107453
0.109024
0.121694
0.929714
0.052724
0.053688
0.07358
0.795336
0.065738
0.198044
0.071028
0.044731
0.128438
0.880315
0.052761
0.915454
0.108188
0.947736
0.109526
0.076026
0.096706
0.919849
0.091711
0.155004
0.900419
0.930798
0.107016
0.51376
0.852171
0.09842
0.09984
0.658846
0.903106
0.073909
0.054132
0.055884
0.908
0.068078
0.936781
0.052249
0.59727
0.127506
0.075692
0.071606
0.055427
0.127511
0.069702
0.284312
0.089049
0.064056
0.875535
0.076834
0.065847
0.618633
0.045361
0.957288
0.106046
0.066211
0.058086
0.054205
0.061968
0.055206
0.646278
0.144325
0.061701
0.14446
0.089522
0.078661
0.862551
0.057839
0.040598
0.049284
0.050161
0.821316
0.951674
0.940246
0.054517
0.941174
0.288038
0.09404
0.103226
0.933235
0.288528
0.092728
0.048161
0.064836
0.873368
0.938904
0.107248
0.9215
0.071243
0.264602
0.775231
0.199989
0.101912
0.144525
0.888049
0.065506
0.059912
0.925269
0.048398
0.067025
0.095741
0.043911
0.93205
0.101206
0.12964
0.561706
0.081012
0.892844
0.046931
0.125482
0.064011
0.906244
0.047468
0.073875
0.854596
0.925777
0.902996
0.932397
0.072783
0.538724
0.622469
0.096612
0.05162
0.193046
0.126182
0.047634
0.354943
0.162487
0.051338
0.063329
0.096407
0.69697
0.081685
0.143323
0.894503
0.918545
0.044481
0.902596
0.067412
0.099039
0.246017
0.22468
0.119863
0.096225
0.053686
0.500044
0.077686
0.055107
0.053942
0.05439
0.056447
0.922147
0.445605
0.05037
0.963299
0.086766
0.065057
0.071075
0.071003
0.957019
0.886541
0.148638
0.920692
0.917419
0.078136
0.074029
0.049602
0.104352
0.140178
0.067073
0.138006
0.90633
0.064931
0.070523
0.915985
0.08003
0.062265
0.081519
0.128226
0.090217
0.12338
0.842477
0.151089
0.08359
0.926299
0.050594
0.048267
0.14256
0.059712
0.077333
0.080156
0.930305
0.04888
0.949894
0.076547
0.940574
0.09223
0.926009
0.939836
0.052305
0.673187
0.539444
0.086071
0.10945
0.069007
0.902975
0.402968
0.047967
0.079051
0.05459
0.362797
0.107629
0.094183
0.117064
0.826392
0.090946
0.943528
0.050374
0.056631
0.105707
0.182774
0.051556
0.068139
0.894363
0.060994
0.066788
0.045884
0.085001
0.687816
0.921082
0.048686
0.895294
0.870629
0.85682
0.086646
0.062424
0.066399
0.928525
0.737455
0.791534
0.068864
0.063084
0.938806
0.886163
0.099066
0.070581
0.560058
0.130807
0.398244
0.950539
0.107077
0.075953
0.054444
0.094877
0.046661
0.363497
0.070056
0.932587
0.070311
0.045257
0.918972
0.09508
0.275307
0.081423
0.057296
0.072368
0.086275
0.066096
0.058926
0.057834
0.472351
0.042487
0.086749
0.042599
0.823987
0.903644
0.068534
0.925841
0.052976
0.048081
0.902024
0.500159
0.849182
0.955153
0.115825
0.866236
0.106574
0.927915
0.077736
0.156478
0.853887
0.940447
0.667381
0.047116
0.905508
0.919228
0.082046
0.051869
0.0493
0.254398
0.088382
0.061677
0.069127
0.081439
0.044966
0.942204
0.950748
0.120153
0.066469
0.946499
0.883053
0.193906
0.852636
0.92948
0.077431
0.050455
0.050579
0.619303
0.111486
0.37567
0.070199
0.083029
0.909526
0.084909
0.043716
0.084507
0.079767
0.561546
0.074487
0.062019
0.055349
0.056373
0.052753
0.204628
0.137678
0.894448
0.085319
0.05633
0.054316
0.751977
0.499907
0.059103
0.076041
0.046944
0.069346
0.903936
0.902752
0.164263
0.098201
0.846286
0.847816
0.905128
0.51237
0.051799
0.881677
0.059044
0.866135
0.919515
0.644824
0.074497
0.066396
0.962184
0.05952
0.93143
0.102061
0.93636
0.122841
0.908861
0.95093
0.064754
0.669032
0.843
0.872053
0.062966
0.074878
0.071966
0.239022
0.914066
0.067834
0.042653
0.080147
0.932393
0.068506
0.096253
0.058945
0.049026
0.934077
0.917198
0.144202
0.045914
0.276496
0.352773
0.047582
0.883976
0.151472
0.428318
0.930499
0.089153
0.893618
0.827906
0.064747
0.299299
0.056733
0.063978
0.046992
0.059265
0.053596
0.060679
0.047115
0.879622
0.091034
0.093889
0.067477
0.053407
0.044603
0.818658
0.095209
0.084708
0.05744
0.141527
0.244664
0.260433
0.043455
0.047407
0.076829
0.083422
0.937963
0.079791
0.094812
0.082994
0.077287
0.056065
0.906795
0.086894
0.833743
0.073243
0.868411
0.909535
0.609415
0.066822
0.066967
0.082159
0.061232
0.940477
0.86189
0.050095
0.089526
0.058602
0.916514
0.06124
0.316501
0.081412
0.056991
0.5438
0.767285
0.111552
0.0427
0.07848
0.779185
0.12614
0.06518
0.859016
0.060128
0.392814
0.23083
0.88853
0.077961
0.734364
0.904279
0.939221
0.456759
0.063758
0.408987
0.500155
0.125471
0.115973
0.845747
0.931778
0.89166
0.04319
0.882506
0.857789
0.2151
0.917183
0.049928
0.746277
0.945668
0.083005
0.060079
0.949293
0.193381
0.14189
0.117874
0.499895
0.828919
0.054154
0.071605
0.865922
0.077274
0.076986
0.062767
0.911708
0.051614
0.050176
0.761506
0.848827
0.047914
0.067588
0.058574
0.047363
0.061442
0.052998
0.079976
0.946836
0.080511
0.078267
0.048011
0.534611
0.353863
0.059896
0.048739
0.944029
0.916004
0.506988
0.923815
0.064089
0.058361
0.088181
0.183528
0.055942
0.666985
0.091443
0.930083
0.051957
0.045438
0.059529
0.064845
0.074003
0.077071
0.138576
0.313858
0.183374
0.173693
0.499922
0.941913
0.066692
0.938157
0.946531
0.058331
0.898088
0.062376
0.076906
0.130764
0.87747
0.356094
0.070344
0.076585
0.548875
0.063245
0.07139
0.050465
0.141224
0.061445
0.896463
0.500528
0.0724
0.158133
0.783286
0.047087
0.058201
0.045245
0.922649
0.732188
0.093178
0.943594
0.069609
0.935365
0.950079
0.072714
0.774344
0.083022
0.058225
0.073024
0.95979
0.917171
0.056643
0.794801
0.912232
0.054827
0.064317
0.067276
0.943966
0.803345
0.049856
0.057835
0.901163
0.083513
0.076294
0.902467
0.949275
0.061371
0.090282
0.058503
0.050225
0.952841
0.906626
0.672212
0.069383
0.074584
0.078896
0.087169
0.053385
0.21015
0.057748
0.056098
0.500323
0.922479
0.909995
0.058523
0.067246
0.073845
0.237659
0.125813
0.068008
0.060889
0.167041
0.847758
0.156161
0.051606
0.871796
0.845589
0.06742
0.056731
0.92264
0.074253
0.053958
0.917466
0.901299
0.17985
0.935416
0.747955
0.166383
0.053011
0.045452
0.25001
0.074738
0.082372
0.042956
0.946196
0.956757
0.262714
0.898682
0.05409
0.294278
0.062592
0.124009
0.423046
0.088188
0.056976
0.052904
0.941413
0.776322
0.059627
0.071522
0.091044
0.616966
0.90226
0.074106
0.047762
0.22053
0.088556
0.922913
0.072437
0.072494
0.941729
0.046943
0.057124
0.051048
0.902943
0.946643
0.053982
0.058611
0.057016
0.043694
0.049702
0.251654
0.877887
0.856863
0.584192
0.093383
0.111581
0.144354
0.855157
0.073031
0.917513
0.054415
0.144853
0.042047
0.056862
0.103899
0.95123
0.912568
0.095274
0.938982
0.108545
0.066668
0.830658
0.833202
0.044369
0.048616
0.413988
0.891309
0.197165
0.062294
0.314086
0.934213
0.077168
0.063578
0.125439
0.087129
0.317605
0.061784
0.052022
0.053853
0.073738
0.072188
0.117419
0.066083
0.069401
0.943109
0.869141
0.063
0.74958
0.082227
0.051192
0.117501
0.042377
0.05367
0.06537
0.07643
0.065286
0.500195
0.275277
0.759305
0.051934
0.602028
0.056666
0.050744
0.799573
0.05943
0.084811
0.072471
0.409488
0.078747
0.204902
0.066621
0.070796
0.073949
0.052689
0.045548
0.079361
0.068596
0.05964
0.918046
0.051657
0.959625
0.070723
0.499557
0.057395
0.091195
0.910901
0.824129
0.873029
0.066056
0.881607
0.819936
0.046274
0.060873
0.049477
0.925113
0.04604
0.908974
0.050965
0.110016
0.048511
0.871319
0.899891
0.353791
0.821721
0.900051
0.881548
0.133524
0.094319
0.948686
0.098621
0.18347
0.049417
0.102677
0.396091
0.092448
0.86316
0.908033
0.166441
0.913167
0.323726
0.061869
0.925252
0.884064
0.92407
0.15335
0.075116
0.076462
0.059125
0.919825
0.84031
0.079116
0.057556
0.924541
0.054756
0.051682
0.051215
0.068931
0.049485
0.049301
0.100241
0.500238
0.367774
0.082947
0.09113
0.711006
0.186793
0.057847
0.056436
0.50009
0.083239
0.10113
0.899617
0.133605
0.109095
0.054041
0.953299
0.403548
0.919528
0.882435
0.056504
0.143902
0.075282
0.580311
0.583275
0.897669
0.055889
0.920393
0.752321
0.865759
0.851797
0.751346
0.83873
0.913613
0.942287
0.054058
0.055613
0.072706
0.670612
0.059194
0.047287
0.066001
0.91693
0.078825
0.05846
0.89184
0.051985
0.924134
0.070472
0.059224
0.397857
0.758669
0.398571
0.827483
0.333705
0.430496
0.053571
0.909032
0.048999
0.925593
0.064801
0.911942
0.100423
0.05067
0.935442
0.055771
0.920135
0.170878
0.056706
0.959687
0.767272
0.247168
0.059312
0.207927
0.059527
0.897245
0.775615
0.042458
0.314171
0.060419
0.93824
0.580069
0.041721
0.896917
0.098916
0.068594
0.063327
0.060215
0.060056
0.671043
0.879618
0.951634
0.880257
0.911483
0.06168
0.050163
0.074133
0.871701
0.120523
0.452877
0.054426
0.190568
0.080223
0.071914
0.051174
0.918731
0.17116
0.128563
0.048723
0.098923
0.069861
0.868209
0.041674
0.059262
0.044104
0.123555
0.735651
0.809935
0.095329
0.050144
0.048504
0.049632
0.040938
0.9402
0.082139
0.075096
0.773807
0.057362
0.840488
0.681892
0.391434
0.057895
0.83174
0.898736
0.902594
0.633466
0.065385
0.244129
0.469633
0.107686
0.130589
0.852451
0.392256
0.073713
0.080736
0.662554
0.629362
0.072275
0.172727
0.064911
0.062017
0.108433
0.89826
0.814069
0.72442
0.059106
0.066588
0.056595
0.06286
0.067162
0.068289
0.04942
0.923418
0.91296
0.656111
0.091729
0.049653
0.054689
0.386077
0.048888
0.784325
0.12218
0.849603
0.050107
0.058935
0.093323
0.051804
0.065075
0.174185
0.898541
0.853398
0.050776
0.054377
0.897963
0.058429
0.134486
0.080299
0.04777
0.046594
0.064672
0.9668
0.710625
0.557712
0.065087
0.075006
0.052263
0.181742
0.05364
0.079244
0.902888
0.081168
0.075019
0.926378
0.820454
0.134968
0.056909
0.10326
0.890934
0.061032
0.926937
0.944165
0.177756
0.053415
0.04817
0.067471
0.259558
0.062127
0.919503
0.106849
0.802042
0.067352
0.052242
0.070741
0.07052
0.048924
0.082819
0.048217
0.317614
0.077795
0.046629
0.065257
0.056495
0.049224
0.286077
0.530401
0.054978
0.173267
0.054202
0.068982
0.058405
0.052334
0.771793
0.053446
0.942106
0.128271
0.084257
0.792149
0.167011
0.090339
0.066327
0.059011
0.954319
0.923335
0.667079
0.052281
0.057895
0.86706
0.047376
0.92676
0.065983
0.696108
0.868766
0.930548
0.131656
0.059591
0.061499
0.058157
0.090763
0.052345
0.054778
0.303011
0.815363
0.126355
0.06412
0.088037
0.145111
0.913541
0.500173
0.055253
0.841573
0.056965
0.848929
0.056797
0.898922
0.926445
0.04669
0.08013
0.074367
0.772054
0.49182
0.07945
0.203682
0.077867
0.887477
0.871345
0.913132
0.148315
0.873636
0.102329
0.106267
0.916793
0.94538
0.957239
0.218653
0.07459
0.045796
0.108575
0.052436
0.06797
0.052705
0.063363
0.915946
0.749427
0.056705
0.128313
0.063257
0.07476
0.799367
0.499576
0.057756
0.916272
0.056702
0.259468
0.870168
0.500428
0.929189
0.067894
0.131153
0.053593
0.074242
0.118173
0.074904
0.052937
0.067952
0.063577
0.499976
0.101826
0.910728
0.046751
0.052181
0.815861
0.051728
0.044701
0.76803
0.126182
0.062925
0.116903
0.390568
0.061921
0.064443
0.081065
0.063053
0.128182
0.926034
0.062834
0.204595
0.718862
0.922419
0.079274
0.134881
0.820792
0.924134
0.0719
0.04404
0.061781
0.92852
0.333899
0.063789
0.945387
0.096082
0.072838
0.084703
0.047667
0.905651
0.902687
0.05791
0.944348
0.049776
0.946215
0.880585
0.080733
0.082683
0.051276
0.846994
0.09797
0.908927
0.91785
0.064523
0.130534
0.06083
0.939067
0.108968
0.306422
0.082458
0.054981
0.564226
0.4524
0.091549
0.611473
0.109009
0.059229
0.094171
0.134593
0.940561
0.108906
0.06925
0.058283
0.047302
0.939616
0.541305
0.042784
0.500127
0.958105
0.054948
0.529905
0.786014
0.045801
0.12221
0.12757
0.339169
0.060235
0.243419
0.043437
0.148052
0.054132
0.927266
0.094572
0.110398
0.049008
0.10826
0.060815
0.058565
0.072452
0.790695
0.04417
0.900453
0.061455
0.881891
0.933229
0.850778
0.054677
0.395022
0.052692
0.060058
0.07533
0.044538
0.10611
0.909019
0.087374
0.213108
0.054131
0.920201
0.058214
0.90686
0.823159
0.927587
0.058003
0.083583
0.07741
0.149897
0.044387
0.071881
0.057628
0.084756
0.323664
0.935396
0.204624
0.86375
0.102825
0.569842
0.273998
0.052858
0.904542
0.062636
0.90925
0.061672
0.056383
0.075155
0.081962
0.103069
0.141191
0.075927
0.636673
0.089382
0.047063
0.05065
0.232026
0.063488
0.067763
0.499878
0.072609
0.065289
0.059269
0.961054
0.936472
0.088355
0.046723
0.061429
0.07351
0.08865
0.082464
0.500331
0.05858
0.050529
0.546636
0.466671
0.102569
0.891379
0.074579
0.06695
0.05028
0.04905
0.197694
0.049244
0.093131
0.101333
0.909479
0.848763
0.080438
0.190589
0.137972
0.720118
0.050015
0.202061
0.133444
0.056159
0.082099
0.500155
0.07702
0.962641
0.130935
0.065919
0.206041
0.086228
0.078603
0.932378
0.053766
0.093663
0.073068
0.150191
0.931807
0.952058
0.05151
0.066631
0.063687
0.217194
0.494964
0.054587
0.065223
0.072207
0.061563
0.063991
0.922555
0.056947
0.075886
0.122294
0.057121
0.613479
0.299636
0.154407
0.122109
0.884522
0.895041
0.116663
0.050598
0.881894
0.058754
0.493276
0.074551
0.927137
0.046988
0.857803
0.960285
0.06626
0.168681
0.952897
0.500368
0.045962
0.066423
0.050974
0.373649
0.456394
0.908189
0.069963
0.046173
0.076302
0.063389
0.812035
0.046128
0.084722
0.107503
0.071974
0.04521
0.065701
0.055491
0.047888
0.073161
0.444851
0.044534
0.93891
0.048493
0.842512
0.930453
0.046876
0.048752
0.06037
0.26352
0.05302
0.062251
0.053936
0.874048
0.074627
0.808814
0.063005
0.644675
0.057476
0.797592
0.262499
0.151682
0.879214
0.074884
0.072158
0.058179
0.953187
0.049243
0.936992
0.055858
0.052499
0.71032
0.046231
0.945287
0.611971
0.494178
0.067428
0.260637
0.919463
0.883885
0.705913
0.092415
0.104727
0.639436
0.892956
0.866935
0.896992
0.059754
0.071703
0.930241
0.1151
0.936713
0.505371
0.053914
0.936474
0.080522
0.195379
0.060433
0.321793
0.053418
0.929198
0.095261
0.968958
0.901844
0.115069
0.07224
0.124948
0.582975
0.893758
0.83899
0.843536
0.046601
0.047886
0.848788
0.061786
0.077301
0.055335
0.720592
0.908026
0.196047
0.952882
0.914405
0.121299
0.056539
0.077628
0.093019
0.952854
0.238524
0.053397
0.054434
0.063688
0.852875
0.885638
0.112906
0.919646
0.914902
0.061713
0.588227
0.726006
0.07445
0.070769
0.123927
0.203659
0.068581
0.130203
0.949636
0.055447
0.886002
0.059831
0.076801
0.904028
0.658392
0.067451
0.077423
0.88795
0.957253
0.899862
0.84524
0.064484
0.89639
0.302633
0.049692
0.062884
0.153223
0.76908
0.251222
0.064651
0.061962
0.892206
0.060959
0.871011
0.9377
0.893225
0.888591
0.057729
0.936619
0.500349
0.819044
0.048807
0.959909
0.926589
0.910322
0.918665
0.041216
0.78425
0.176487
0.94803
0.053598
0.073172
0.135354
0.952091
0.843204
0.099909
0.152098
0.06602
0.058582
0.055984
0.058297
0.900335
0.571949
0.18852
0.927951
0.362017
0.841883
0.929365
0.066854
0.069004
0.080317
0.05396
0.790623
0.049366
0.048802
0.536177
0.045984
0.890462
0.613508
0.180805
0.88864
0.071132
0.06181
0.069228
0.055006
0.925437
0.061334
0.915732
0.053005
0.087713
0.068812
0.937638
0.061694
0.093185
0.896364
0.382152
0.263018
0.077354
0.159088
0.888045
0.934403
0.07506
0.146129
0.053949
0.875237
0.062386
0.774388
0.062879
0.53112
0.238903
0.860465
0.540822
0.110275
0.145068
0.849447
0.189814
0.212236
0.089524
0.841511
0.92345
0.055563
0.252684
0.104019
0.089458
0.974263
0.06501
0.209238
0.115316
0.927693
0.294737
0.491249
0.061958
0.051603
0.083696
0.068196
0.932879
0.084885
0.838764
0.855428
0.082311
0.041444
0.10532
0.085185
0.909343
0.102251
0.839914
0.071776
0.11236
0.691115
0.045006
0.067068
0.053618
0.172012
0.203872
0.059385
0.500237
0.054824
0.0612
0.162832
0.740802
0.058816
0.073388
0.057044
0.050123
0.095688
0.171506
0.595748
0.950793
0.049205
0.053532
0.055344
0.074579
0.820227
0.082687
0.074589
0.049754
0.941408
0.871164
0.118531
0.109959
0.066249
0.6852
0.049963
0.104659
0.545886
0.079603
0.941185
0.956561
0.141476
0.728042
0.14009
0.056653
0.257215
0.056388
0.864098
0.156806
0.052419
0.919676
0.085604
0.940285
0.045247
0.219492
0.913124
0.067938
0.061357
0.072168
0.100198
0.930053
0.956326
0.939627
0.055831
0.91262
0.050081
0.069525
0.453216
0.890454
0.070983
0.730585
0.952129
0.114383
0.925773
0.072695
0.185089
0.142791
0.248177
0.160174
0.091305
0.052849
0.927693
0.053861
0.252021
0.054032
0.748458
0.86952
0.046436
0.949539
0.113757
0.129504
0.086142
0.059548
0.056924
0.056679
0.056759
0.161686
0.916753
0.079611
0.051833
0.063825
0.044087
0.050268
0.05511
0.050049
0.408311
0.05959
0.897722
0.679194
0.106122
0.073408
0.102298
0.067741
0.075316
0.947164
0.641273
0.066469
0.091707
0.053391
0.078574
0.126395
0.718505
0.06516
0.49982
0.070767
0.499668
0.04446
0.061227
0.103695
0.083769
0.042247
0.065152
0.06923
0.056512
0.07285
0.909982
0.943858
0.060288
0.045349
0.057629
0.857872
0.0939
0.047134
0.077969
0.049761
0.073678
0.118294
0.039919
0.057633
0.921081
0.111026
0.05293
0.675182
0.084995
0.059232
0.053509
0.889338
0.103592
0.879868
0.068093
0.918561
0.05275
0.907833
0.829487
0.92744
0.134331
0.923182
0.498604
0.911129
0.923255
0.877537
0.050707
0.909755
0.936158
0.496152
0.714434
0.055382
0.082008
0.807124
0.073099
0.956267
0.499641
0.061923
0.061738
0.307224
0.848162
0.065403
0.855452
0.082723
0.187329
0.080602
0.183661
0.593154
0.852285
0.736585
0.047353
0.85421
0.685179
0.111217
0.055938
0.0589
0.561699
0.065068
0.064792
0.054937
0.055995
0.127196
0.055827
0.165216
0.054321
0.051363
0.063526
0.154412
0.068055
0.887568
0.180789
0.049339
0.070453
0.120388
0.100312
0.867283
0.270643
0.063119
0.60591
0.306191
0.070014
0.112772
0.060873
0.804751
0.939628
0.317288
0.197682
0.053529
0.78472
0.098542
0.090942
0.096296
0.090275
0.809865
0.523173
0.136987
0.054485
0.500165
0.780257
0.126568
0.062157
0.106174
0.94729
0.054729
0.715038
0.120395
0.130378
0.879339
0.072153
0.918787
0.893183
0.091659
0.052114
0.088956
0.05147
0.85248
0.849917
0.055466
0.959028
0.074323
0.179088
0.459376
0.043481
0.073848
0.061296
0.050075
0.06525
0.071327
0.069126
0.871379
0.735132
0.077192
0.143053
0.060485
0.911581
0.932635
0.894924
0.079837
0.06174
0.21326
0.075231
0.053128
0.072545
0.052852
0.08342
0.072253
0.143092
0.040666
0.889937
0.597494
0.810743
0.047312
0.902163
0.061804
0.18087
0.044134
0.089603
0.937489
0.056364
0.92049
0.897832
0.870916
0.090244
0.142232
0.923693
0.914365
0.061082
0.893247
0.046
0.901734
0.938912
0.500218
0.930117
0.065048
0.105879
0.057773
0.123616
0.841189
0.114043
0.065652
0.069151
0.744104
0.889923
0.354666
0.100019
0.057415
0.047251
0.123377
0.958295
0.469842
0.059994
0.872244
0.068836
0.051792
0.928767
0.671615
0.049542
0.605736
0.042598
0.92411
0.394952
0.931058
0.042777
0.945087
0.04882
0.053602
0.065722
0.778348
0.866223
0.090246
0.148872
0.079712
0.055251
0.124202
0.05502
0.043211
0.104992
0.052606
0.056398
0.929587
0.884054
0.060561
0.473714
0.072185
0.064202
0.916983
0.942302
0.765136
0.046715
0.921277
0.752309
0.877709
0.650053
0.934641
0.066511
0.88838
0.051735
0.049355
0.071116
0.499523
0.062782
0.098391
0.73101
0.108576
0.49953
0.051146
0.209336
0.053
0.26715
0.463899
0.068967
0.074545
0.47098
0.928237
0.067734
0.863171
0.23676
0.195913
0.095113
0.880847
0.879608
0.07726
0.948955
0.944628
0.931848
0.100555
0.693776
0.058484
0.047612
0.090016
0.431309
0.885127
0.100948
0.549959
0.058648
0.100835
0.902575
0.919691
0.948072
0.120377
0.081439
0.320493
0.935413
0.086139
0.062267
0.068801
0.077222
0.059555
0.046475
0.057388
0.93037
0.908705
0.909822
0.829689
0.955497
0.948966
0.905656
0.402418
0.391661
0.084435
0.925087
0.052386
0.144289
0.072047
0.051144
0.918963
0.046906
0.110211
0.85103
0.104613
0.416271
0.078413
0.064667
0.085359
0.053952
0.919647
0.062418
0.054458
0.937829
0.95684
0.818235
0.572063
0.060367
0.055309
0.650724
0.906359
0.096013
0.048416
0.249593
0.401843
0.068905
0.911063
0.500069
0.109928
0.072391
0.131345
0.8251
0.118748
0.064781
0.893154
0.04991
0.944902
0.057193
0.070242
0.08124
0.076255
0.062857
0.071562
0.892537
0.846399
0.364176
0.850196
0.052243
0.100802
0.056472
0.074558
0.868011
0.910565
0.857304
0.051753
0.089114
0.083634
0.74899
0.935563
0.073002
0.056809
0.954907
0.053422
0.771319
0.867605
0.054771
0.90364
0.933624
0.939318
0.934645
0.947855
0.874717
0.93886
0.691508
0.049505
0.785922
0.04677
0.072574
0.064307
0.906783
0.203638
0.047236
0.287782
0.098616
0.625502
0.913049
0.898132
0.065034
0.662926
0.541082
0.046589
0.04805
0.052324
0.080285
0.901631
0.065259
0.957831
0.133796
0.113047
0.409747
0.090746
0.066171
0.880487
0.853183
0.143306
0.070145
0.110742
0.738172
0.90907
0.073732
0.920699
0.070185
0.149685
0.058886
0.955079
0.065006
0.049826
0.614362
0.925243
0.054891
0.068269
0.058199
0.500084
0.046304
0.922438
0.047516
0.500477
0.193806
0.05425
0.07221
0.710394
0.811702
0.108317
0.078302
0.129878
0.098499
0.461723
0.060867
0.070103
0.109774
0.055588
0.8078
0.927983
0.839679
0.084077
0.086533
0.910983
0.891048
0.833585
0.105599
0.88213
0.828897
0.878285
0.090164
0.084291
0.0573
0.068574
0.76829
0.08441
0.107273
0.342938
0.865007
0.053095
0.081777
0.056985
0.945962
0.056979
0.086652
0.347404
0.85022
0.067113
0.085281
0.049582
0.055822
0.065956
0.744323
0.077053
0.042776
0.853466
0.236734
0.106055
0.129617
0.062947
0.319588
0.941759
0.092449
0.859019
0.049393
0.052076
0.054834
0.072075
0.070797
0.048105
0.059482
0.068065
0.958222
0.097101
0.584138
0.914061
0.879996
0.877129
0.935387
0.057985
0.071249
0.742786
0.265387
0.081315
0.911074
0.113971
0.103568
0.053071
0.85147
0.9231
0.912645
0.61577
0.169077
0.066642
0.06673
0.067598
0.402073
0.928063
0.057919
0.053715
0.912878
0.903094
0.044011
0.065071
0.909276
0.50021
0.086972
0.114871
0.91261
0.059842
0.056685
0.131523
0.050755
0.054865
0.148736
0.067728
0.050047
0.056545
0.053122
0.356821
0.083923
0.054545
0.061637
0.129129
0.047185
0.894548
0.075314
0.071132
0.068242
0.060314
0.18106
0.147243
0.064297
0.309968
0.052505
0.052954
0.093408
0.05663
0.077864
0.057148
0.877211
0.052595
0.061761
0.056949
0.051017
0.062504
0.109558
0.056986
0.132367
0.0727
0.096264
0.096904
0.06166
0.098058
0.235942
0.923801
0.053695
0.077951
0.50025
0.322394
0.055808
0.114144
0.050893
0.499728
0.06813
0.612326
0.087468
0.476959
0.743607
0.051232
0.060546
0.077129
0.048547
0.062921
0.057315
0.058286
0.909931
0.728295
0.927917
0.929822
0.080758
0.097725
0.055511
0.448616
0.060066
0.047834
0.063905
0.075654
0.873824
0.052227
0.054493
0.090435
0.074213
0.059314
0.822971
0.05565
0.085378
0.058716
0.925285
0.07646
0.823161
0.788804
0.378335
0.074231
0.063851
0.052662
0.628049
0.11155
0.074237
0.233175
0.054949
0.059749
0.055745
0.861671
0.062733
0.261923
0.050442
0.067118
0.942562
0.864088
0.060864
0.094716
0.052292
0.110707
0.479974
0.107345
0.935879
0.886142
0.38178
0.077917
0.065679
0.101597
0.054699
0.899381
0.064442
0.074646
0.508476
0.07912
0.049909
0.048044
0.070665
0.262695
0.055264
0.060032
0.071784
0.044231
0.909213
0.084316
0.912243
0.930321
0.053974
0.500314
0.105676
0.055473
0.076414
0.051679
0.058399
0.824229
0.052827
0.105439
0.917422
0.050501
0.79066
0.05308
0.063772
0.065499
0.895402
0.777832
0.06416
0.072254
0.067947
0.953991
0.896876
0.062008
0.05388
0.063319
0.068653
0.048567
0.099215
0.412776
0.055821
0.087615
0.096985
0.772338
0.052178
0.095535
0.12609
0.876435
0.049023
0.048368
0.181739
0.04828
0.051377
0.836515
0.548946
0.905723
0.086147
0.953068
0.064015
0.075888
0.144826
0.060046
0.059573
0.08321
0.072783
0.07964
0.860475
0.93709
0.058531
0.06628
0.498523
0.073602
0.342558
0.150375
0.051037
0.077535
0.118823
0.050719
0.19147
0.65456
0.535048
0.049072
0.843366
0.053979
0.063623
0.924614
0.90447
0.102567
0.053041
0.912148
0.914923
0.057184
0.055191
0.101726
0.883524
0.098857
0.058164
0.900032
0.059566
0.199589
0.419505
0.287561
0.04268
0.044575
0.351038
0.421462
0.050932
0.12998
0.096721
0.118226
0.396264
0.947984
0.105935
0.09271
0.063215
0.049014
0.121513
0.92248
0.055837
0.739286
0.058341
0.932281
0.054015
0.7067
0.751692
0.052204
0.04801
0.909891
0.604583
0.055538
0.046333
0.067764
0.09135
0.704476
0.063501
0.064203
0.060077
0.918704
0.94846
0.072517
0.059927
0.209214
0.058624
0.082895
0.051785
0.084486
0.069437
0.063905
0.932021
0.063398
0.254003
0.055502
0.927455
0.063175
0.06203
0.045616
0.113879
0.074181
0.049446
0.133531
0.78743
0.197553
0.05365
0.35445
0.197583
0.048641
0.870882
0.169132
0.060989
0.066255
0.048815
0.07609
0.082716
0.082637
0.287188
0.082062
0.943084
0.891999
0.051735
0.051769
0.117918
0.916843
0.048734
0.157831
0.912565
0.061306
0.079831
0.500203
0.056333
0.111826
0.327122
0.057865
0.066964
0.910254
0.063979
0.834844
0.90303
0.929489
0.04428
0.086569
0.261467
0.949525
0.941858
0.098137
0.077284
0.047817
0.843728
0.055831
0.632075
0.058621
0.401552
0.499681
0.853708
0.061447
0.044408
0.087151
0.101233
0.414625
0.868597
0.121465
0.062784
0.130398
0.935301
0.060354
0.958531
0.10659
0.044207
0.883228
0.933355
0.066484
0.080381
0.055029
0.043485
0.050325
0.15941
0.062093
0.93611
0.905193
0.95189
0.915596
0.071505
0.059325
0.047264
0.811002
0.916137
0.917629
0.103546
0.092526
0.812951
0.748536
0.94435
0.056044
0.09872
0.896255
0.934844
0.06041
0.935586
0.806113
0.048209
0.055112
0.085806
0.883756
0.821659
0.840151
0.785078
0.249499
0.063005
0.080228
0.070733
0.076844
0.918235
0.955149
0.676653
0.913535
0.915368
0.499802
0.870736
0.0478
0.935079
0.9565
0.93592
0.048517
0.078525
0.056396
0.076926
0.847247
0.82794
0.067534
0.863864
0.070494
0.883223
0.116313
0.876405
0.112282
0.06678
0.05524
0.941376
0.091161
0.119914
0.098001
0.070536
0.096909
0.045224
0.091102
0.07965
0.933466
0.067029
0.117746
0.373748
0.051325
0.637056
0.05428
0.390319
0.27437
0.857317
0.117828
0.073983
0.960454
0.050909
0.045819
0.06292
0.096922
0.215707
0.075794
0.828199
0.061875
0.365742
0.88301
0.066335
0.059977
0.125546
0.89091
0.923015
0.936079
0.244045
0.071657
0.316465
0.067726
0.237042
0.112107
0.487011
0.093632
0.06649
0.045679
0.865971
0.957371
0.049992
0.846878
0.057402
0.092327
0.06386
0.058186
0.072033
0.319961
0.312184
0.109861
0.059332
0.801068
0.051446
0.055794
0.060716
0.043467
0.05969
0.081187
0.05765
0.147385
0.85515
0.056713
0.058497
0.064891
0.408441
0.050951
0.932579
0.115965
0.896276
0.068771
0.939673
0.804363
0.086922
0.062187
0.071704
0.917504
0.050989
0.061632
0.07355
0.906635
0.499895
0.059499
0.08913
0.455967
0.951014
0.148591
0.053559
0.957929
0.916181
0.073263
0.051087
0.043834
0.074009
0.210322
0.84554
0.918065
0.060247
0.209892
0.049749
0.11294
0.135799
0.095414
0.952829
0.054265
0.86982
0.264719
0.066402
0.081823
0.083031
0.305693
0.04937
0.05369
0.107831
0.054314
0.937905
0.811207
0.050262
0.934538
0.06238
0.054796
0.044872
0.68197
0.198477
0.065789
0.955359
0.057878
0.909065
0.133148
0.068752
0.071868
0.082788
0.090991
0.931998
0.051738
0.065523
0.218878
0.79267
0.903745
0.054746
0.057413
0.060054
0.804611
0.175641
0.099967
0.927005
0.149977
0.931148
0.054627
0.861691
0.046075
0.136744
0.953783
0.05163
0.163376
0.36233
0.379826
0.054428
0.095487
0.661123
0.066737
0.07806
0.60105
0.060752
0.186413
0.055603
0.060509
0.08102
0.893424
0.922839
0.094892
0.923197
0.057587
0.958308
0.065351
0.850466
0.081891
0.920449
0.05561
0.060198
0.04983
0.062279
0.924733
0.072758
0.289786
0.90969
0.554275
0.539381
0.107094
0.303926
0.276107
0.688513
0.500341
0.105778
0.252622
0.070449
0.067472
0.866431
0.057687
0.460192
0.057365
0.077253
0.061741
0.857552
0.272839
0.063639
0.228305
0.470946
0.941131
0.065466
0.283519
0.92097
0.047966
0.065017
0.93116
0.057791
0.060943
0.054253
0.078494
0.064185
0.060259
0.93134
0.871463
0.127653
0.052971
0.887431
0.080386
0.051499
0.091763
0.086062
0.948729
0.064098
0.048166
0.050893
0.068237
0.05255
0.211059
0.659447
0.059822
0.048611
0.058517
0.508488
0.895476
0.057393
0.936261
0.847107
0.062423
0.060492
0.914951
0.055588
0.052931
0.061636
0.066645
0.060717
0.067251
0.042404
0.302535
0.052329
0.208763
0.107982
0.934611
0.072616
0.871018
0.648274
0.049294
0.042715
0.053206
0.085384
0.053297
0.055539
0.08625
0.890988
0.046546
0.905378
0.076357
0.947665
0.114799
0.546525
0.924582
0.60924
0.076086
0.076808
0.043665
0.177491
0.048512
0.090283
0.063251
0.666563
0.082382
0.060672
0.051852
0.499853
0.049238
0.046647
0.861712
0.103267
0.646664
0.863461
0.09193
0.172446
0.928503
0.050109
0.065917
0.046641
0.912397
0.096053
0.132086
0.351165
0.087463
0.080824
0.069393
0.835348
0.356896
0.055576
0.911463
0.05896
0.050151
0.045093
0.921814
0.085052
0.854393
0.122642
0.05805
0.06381
0.833191
0.102931
0.959522
0.189692
0.051932
0.075175
0.106125
0.047394
0.500335
0.824534
0.091369
0.11826
0.061669
0.047619
0.483576
0.942109
0.067031
0.947357
0.919449
0.746742
0.95147
0.059782
0.089312
0.499718
0.183121
0.144187
0.944487
0.053444
0.778708
0.075368
0.172659
0.919269
0.047627
0.55656
0.085374
0.785555
0.141063
0.081729
0.19799
0.074105
0.54284
0.051798
0.315435
0.844772
0.066989
0.897541
0.909675
0.067791
0.828258
0.086067
0.114045
0.060398
0.132851
0.763231
0.955987
0.943234
0.089914
0.691619
0.06583
0.74812
0.065677
0.861479
0.072058
0.824525
0.863241
0.790438
0.048731
0.052111
0.090554
0.114282
0.05692
0.430307
0.051112
0.074201
0.950256
0.340388
0.048146
0.158617
0.066351
0.090272
0.058255
0.677798
0.927934
0.923383
0.267726
0.059917
0.574077
0.926316
0.052504
0.047642
0.868017
0.060708
0.940098
0.054312
0.917871
0.898606
0.949519
0.078273
0.943017
0.057371
0.061666
0.207465
0.057392
0.898821
0.929802
0.4998
0.058153
0.126934
0.767547
0.046965
0.06645
0.090312
0.949354
0.06021
0.923102
0.073207
0.647588
0.885749
0.074798
0.910199
0.10594
0.079858
0.225527
0.919951
0.06006
0.110843
0.926412
0.054641
0.047938
0.88952
0.154758
0.088122
0.923801
0.156996
0.948333
0.063182
0.80287
0.932498
0.876405
0.105106
0.106999
0.887189
0.593532
0.113228
0.054194
0.0606
0.308798
0.218643
0.88129
0.092555
0.547657
0.930185
0.09491
0.078218
0.897121
0.273337
0.802829
0.076569
0.094131
0.058582
0.044869
0.923265
0.813755
0.047579
0.08454
0.076662
0.190892
0.046466
0.164098
0.923192
0.065589
0.049002
0.060661
0.045138
0.072244
0.679749
0.910039
0.062807
0.834995
0.051856
0.04216
0.098422
0.912916
0.894272
0.052949
0.924398
0.092632
0.165331
0.114094
0.760771
0.071927
0.04954
0.044899
0.068319
0.884867
0.953928
0.913388
0.053689
0.962453
0.046458
0.057688
0.088314
0.048934
0.064685
0.044534
0.080005
0.068962
0.068707
0.922765
0.100055
0.743618
0.936721
0.165361
0.713675
0.91997
0.962301
0.144431
0.080444
0.127334
0.955116
0.860973
0.045221
0.827104
0.442261
0.170307
0.067098
0.855506
0.111027
0.589079
0.121644
0.046475
0.70519
0.886215
0.866657
0.176226
0.081797
0.937122
0.950546
0.059333
0.073536
0.054598
0.479201
0.934081
0.861318
0.049935
0.121381
0.929949
0.403286
0.93571
0.068403
0.04568
0.953022
0.363112
0.063333
0.088992
0.055076
0.89111
0.090933
0.092667
0.110814
0.914333
0.059094
0.903744
0.074815
0.082351
0.06422
0.051203
0.938889
0.065857
0.91189
0.10812
0.042019
0.081394
0.046254
0.360234
0.132111
0.077451
0.057228
0.069606
0.052164
0.046845
0.863005
0.913942
0.085187
0.500099
0.873358
0.06342
0.108381
0.05662
0.906292
0.048448
0.072815
0.044713
0.548615
0.047432
0.060242
0.050127
0.078304
0.926931
0.05278
0.899603
0.045854
0.868812
0.229437
0.056697
0.05509
0.093573
0.364089
0.055866
0.06227
0.323525
0.058182
0.956942
0.175606
0.050031
0.065449
0.744686
0.891969
0.462468
0.07299
0.769788
0.876181
0.091181
0.49963
0.048269
0.488015
0.526046
0.051196
0.9557
0.124635
0.087083
0.879362
0.906426
0.432786
0.057873
0.066765
0.899213
0.833722
0.051857
0.104974
0.052496
0.064926
0.133221
0.092448
0.048373
0.088672
0.053512
0.054297
0.889035
0.911149
0.074079
0.893157
0.909789
0.692754
0.952528
0.084209
0.058012
0.062967
0.142742
0.053586
0.953581
0.066368
0.056175
0.926995
0.083287
0.082987
0.046042
0.882891
0.833346
0.681021
0.063686
0.286592
0.0524
0.061439
0.053992
0.9267
0.250253
0.042867
0.068028
0.130048
0.068606
0.094655
0.075301
0.150424
0.272613
0.13991
0.065449
0.079288
0.951225
0.499957
0.259486
0.053563
0.874787
0.047502
0.042601
0.499677
0.855707
0.05231
0.77792
0.072507
0.904342
0.057925
0.046173
0.080501
0.814832
0.899123
0.062152
0.05844
0.073417
0.101032
0.113971
0.825271
0.500094
0.244639
0.067796
0.948516
0.081729
0.783638
0.220269
0.900874
0.431418
0.06501
0.153648
0.935953
0.079341
0.074929
0.848963
0.055731
0.0694
0.055141
0.054264
0.922449
0.052971
0.046546
0.055581
0.069661
0.07259
0.073215
0.685668
0.063636
0.92345
0.06264
0.080677
0.952603
0.500143
0.901313
0.744033
0.908302
0.076057
0.101524
0.066433
0.925389
0.947001
0.36868
0.721051
0.113196
0.063411
0.062515
0.049358
0.057162
0.087432
0.049479
0.069522
0.064538
0.048686
0.955267
0.436576
0.145206
0.557278
0.044034
0.070931
0.890967
0.054236
0.080146
0.347453
0.070344
0.922575
0.044222
0.061806
0.939943
0.065231
0.056343
0.8623
0.291614
0.074651
0.812272
0.074912
0.954285
0.051138
0.057911
0.091323
0.93771
0.059109
0.073772
0.064783
0.052374
0.053715
0.047802
0.051157
0.059193
0.952918
0.06192
0.179786
0.069699
0.920346
0.393062
0.94264
0.094942
0.942005
0.610956
0.393341
0.458788
0.052013
0.054205
0.942211
0.081395
0.446689
0.878767
0.0732
0.074285
0.057381
0.88698
0.352575
0.158339
0.062358
0.929797
0.078704
0.093698
0.914181
0.059659
0.09329
0.922106
0.085679
0.075731
0.943973
0.059753
0.066995
0.062238
0.089204
0.076078
0.117915
0.706299
0.47299
0.903999
0.499814
0.122399
0.068822
0.939003
0.109661
0.064829
0.924314
0.835263
0.903568
0.883867
0.090367
0.044442
0.169799
0.157475
0.954312
0.064989
0.178078
0.05864
0.154561
0.2974
0.054387
0.827794
0.053162
0.944434
0.056476
0.084991
0.076279
0.048729
0.045231
0.101901
0.04206
0.054362
0.072969
0.134547
0.186452
0.048717
0.070294
0.506935
0.090975
0.725865
0.813598
0.050912
0.06831
0.063219
0.102878
0.067066
0.053077
0.051716
0.054945
0.045796
0.075847
0.058231
0.0771
0.060138
0.934714
0.113097
0.106715
0.899985
0.086345
0.088077
0.06258
0.068776
0.827753
0.077202
0.664502
0.048253
0.064116
0.066555
0.09648
0.051758
0.071848
0.378405
0.110486
0.042915
0.20619
0.054352
0.923987
0.065738
0.861521
0.934161
0.916527
0.550311
0.070173
0.921982
0.064486
0.057187
0.933313
0.05824
0.276896
0.239159
0.095324
0.046673
0.918229
0.167218
0.053369
0.046197
0.784888
0.077376
0.435799
0.947423
0.104967
0.874035
0.059216
0.918667
0.923377
0.051371
0.928583
0.04651
0.080754
0.061824
0.926725
0.903212
0.192697
0.174494
0.134731
0.050173
0.121923
0.841151
0.106163
0.078981
0.049532
0.129279
0.050036
0.95743
0.174572
0.610101
0.073026
0.063452
0.060416
0.134379
0.780201
0.900677
0.076312
0.060616
0.28407
0.051777
0.084316
0.060168
0.049601
0.060428
0.142106
0.074348
0.07631
0.101186
0.049042
0.058111
0.075035
0.887069
0.052291
0.499701
0.927507
0.052461
0.892462
0.939675
0.566158
0.071684
0.059534
0.070844
0.937612
0.094574
0.058081
0.07154
0.87161
0.861461
0.077853
0.053213
0.062309
0.090071
0.790737
0.082128
0.061303
0.8249
0.055961
0.074422
0.59475
0.331473
0.917694
0.070782
0.059102
0.868206
0.148594
0.051929
0.768387
0.234138
0.946384
0.048188
0.089253
0.048163
0.070116
0.882837
0.648734
0.04452
0.923593
0.918107
0.055911
0.061493
0.071028
0.053026
0.92038
0.085387
0.072003
0.142978
0.951928
0.058256
0.077848
0.843457
0.191222
0.08231
0.110926
0.05155
0.078241
0.741501
0.758716
0.066216
0.075632
0.0705
0.960363
0.837776
0.127409
0.055232
0.456048
0.272313
0.396979
0.500091
0.051158
0.117914
0.056869
0.059762
0.05087
0.889723
0.062702
0.902929
0.040958
0.049442
0.828981
0.054129
0.920618
0.05122
0.759156
0.044825
0.047578
0.910959
0.951138
0.754005
0.049893
0.060492
0.943808
0.859838
0.071079
0.042362
0.448513
0.154072
0.050972
0.899885
0.054605
0.063939
0.924128
0.099422
0.860659
0.894284
0.062408
0.886742
0.947653
0.284687
0.292301
0.059066
0.066926
0.079516
0.088275
0.055677
0.049654
0.06845
0.061647
0.924261
0.130127
0.046073
0.455591
0.864156
0.184485
0.07619
0.065817
0.040221
0.209714
0.95201
0.942998
0.442351
0.764575
0.046515
0.085672
0.079394
0.851384
0.857163
0.333102
0.252465
0.066391
0.956836
0.1099
0.070307
0.053572
0.111458
0.079846
0.130832
0.486579
0.071994
0.117212
0.904342
0.052434
0.072847
0.107043
0.079914
0.047771
0.914486
0.043251
0.815524
0.049029
0.230269
0.045056
0.880944
0.056867
0.050634
0.743914
0.887594
0.108772
0.499791
0.109873
0.841362
0.057996
0.832129
0.679413
0.894262
0.904813
0.049975
0.589141
0.064219
0.079817
0.067866
0.061042
0.067233
0.076117
0.070561
0.493472
0.094069
0.945251
0.933173
0.928174
0.676859
0.083993
0.064399
0.057327
0.49998
0.050837
0.896798
0.07122
0.049283
0.953668
0.140233
0.05694
0.832298
0.303957
0.075921
0.092771
0.061043
0.059376
0.042549
0.043635
0.74829
0.608858
0.927725
0.91776
0.062578
0.06866
0.072227
0.058027
0.837564
0.074217
0.046505
0.116979
0.499661
0.072542
0.089334
0.066147
0.82667
0.092202
0.369761
0.072415
0.042315
0.126473
0.728411
0.125035
0.074832
0.897401
0.926463
0.061509
0.046638
0.830304
0.08547
0.856313
0.247301
0.166893
0.925865
0.045823
0.064805
0.928606
0.06636
0.214787
0.068432
0.455209
0.89697
0.055929
0.057331
0.046757
0.701225
0.179061
0.172216
0.836971
0.950469
0.107486
0.097515
0.048348
0.051418
0.046457
0.04917
0.06676
0.062121
0.06981
0.047436
0.058655
0.084139
0.132762
0.054715
0.061672
0.940929
0.054974
0.06859
0.061661
0.920653
0.049965
0.049049
0.086353
0.046244
0.054221
0.075679
0.085317
0.047629
0.085447
0.911867
0.815364
0.319855
0.872517
0.438758
0.348425
0.937998
0.070032
0.933092
0.938534
0.880563
0.352629
0.355153
0.909184
0.079461
0.070583
0.942361
0.068195
0.926139
0.067032
0.507168
0.924138
0.059104
0.107805
0.048239
0.053513
0.089317
0.048735
0.792187
0.045039
0.158783
0.321121
0.13754
0.925361
0.877762
0.238669
0.711071
0.066963
0.063627
0.708879
0.042177
0.051927
0.096542
0.049982
0.940125
0.051339
0.312851
0.047325
0.055466
0.922472
0.050909
0.120397
0.869631
0.144266
0.843663
0.051121
0.930454
0.117579
0.074068
0.046948
0.066919
0.934615
0.925243
0.055192
0.062213
0.070523
0.101677
0.950712
0.081518
0.905788
0.940282
0.609006
0.046287
0.069121
0.111046
0.945941
0.74642
0.182805
0.866336
0.882976
0.549511
0.050511
0.063427
0.064246
0.094619
0.055757
0.81388
0.872347
0.064689
0.920035
0.076812
0.887374
0.822167
0.830883
0.07451
0.07887
0.059039
0.044608
0.946664
0.123152
0.841338
0.064119
0.163971
0.908585
0.211139
0.064207
0.419687
0.057113
0.046647
0.077472
0.921448
0.045113
0.067397
0.045669
0.065092
0.397564
0.05106
0.93525
0.318497
0.060907
0.074453
0.855372
0.160275
0.069198
0.062131
0.052357
0.058459
0.827392
0.500638
0.0473
0.047904
0.568365
0.074361
0.045354
0.103307
0.938089
0.060429
0.055746
0.901957
0.124356
0.163503
0.064505
0.058615
0.251616
0.069843
0.060208
0.059614
0.839856
0.061845
0.900518
0.12534
0.057028
0.43064
0.054207
0.050197
0.190214
0.054674
0.067993
0.056976
0.047434
0.77622
0.948856
0.065493
0.940741
0.833361
0.940182
0.072772
0.886751
0.91428
0.928579
0.050116
0.065596
0.049815
0.499659
0.87266
0.084643
0.869092
0.144064
0.04815
0.062375
0.081738
0.076219
0.93184
0.732553
0.05108
0.062104
0.901223
0.500158
0.933764
0.080205
0.046429
0.873097
0.075756
0.055587
0.908351
0.851528
0.603475
0.094229
0.092242
0.938349
0.930243
0.058862
0.665155
0.928745
0.837725
0.060526
0.87224
0.078364
0.482331
0.050817
0.448967
0.681496
0.061955
0.066255
0.646339
0.94248
0.053511
0.730583
0.064126
0.048138
0.071343
0.921572
0.684767
0.852193
0.927626
0.871984
0.052891
0.939035
0.06794
0.913025
0.057609
0.059899
0.508399
0.905865
0.886484
0.829274
0.878359
0.054265
0.078231
0.064127
0.950117
0.086509
0.888325
0.055847
0.074057
0.099582
0.049637
0.082937
0.759892
0.052309
0.064974
0.05139
0.116168
0.500249
0.058269
0.052482
0.114665
0.911307
0.932323
0.192467
0.060188
0.876496
0.052548
0.065111
0.348055
0.070143
0.466506
0.047918
0.142992
0.499923
0.065757
0.29641
0.068907
0.909669
0.057515
0.063272
0.048886
0.900975
0.101811
0.850289
0.055865
0.121433
0.107415
0.055123
0.146515
0.16851
0.809491
0.057256
0.045779
0.052561
0.188273
0.064011
0.161487
0.076855
0.06533
0.94537
0.809833
0.921466
0.070032
0.131317
0.058545
0.942385
0.055331
0.052244
0.080336
0.079229
0.100674
0.072184
0.067501
0.078062
0.954688
0.050699
0.12306
0.062828
0.110396
0.930924
0.808878
0.160973
0.499915
0.82453
0.083753
0.937878
0.23812
0.055816
0.795784
0.936603
0.948006
0.064432
0.077773
0.33645
0.132496
0.079759
0.166199
0.050114
0.816245
0.871412
0.065746
0.053541
0.066383
0.923298
0.051617
0.058379
0.05109
0.140035
0.422463
0.083212
0.904242
0.095914
0.043606
0.947301
0.059779
0.526262
0.869929
0.955372
0.049562
0.089184
0.935867
0.109174
0.791499
0.098224
0.053518
0.095196
0.083477
0.070673
0.161991
0.106859
0.13138
0.067712
0.055451
0.217442
0.525781
0.134132
0.067195
0.904051
0.097658
0.064381
0.088233
0.216618
0.043969
0.064364
0.052352
0.682732
0.922006
0.487896
0.190338
0.064577
0.500097
0.057255
0.899872
0.056813
0.071119
0.930496
0.499599
0.849616
0.061418
0.051689
0.913432
0.763632
0.061164
0.078282
0.077133
0.052226
0.497758
0.957644
0.10059
0.886472
0.29645
0.916727
0.071078
0.065641
0.077523
0.057114
0.594348
0.064604
0.871779
0.050596
0.913903
0.357628
0.851628
0.052033
0.849886
0.915288
0.946752
0.877702
0.086868
0.161057
0.175043
0.116119
0.706127
0.307607
0.050457
0.074868
0.937276
0.073268
0.053898
0.169783
0.061354
0.637886
0.113255
0.073551
0.499877
0.058473
0.918761
0.85263
0.092123
0.923091
0.118728
0.052149
0.088793
0.051675
0.081182
0.726073
0.054784
0.050061
0.049694
0.932209
0.898012
0.083849
0.753802
0.340864
0.306946
0.582973
0.04239
0.100541
0.890882
0.067427
0.057276
0.499524
0.079916
0.053997
0.042069
0.88715
0.209908
0.9049
0.066051
0.160165
0.920018
0.059933
0.905794
0.062316
0.066245
0.92249
0.066866
0.05289
0.065342
0.903847
0.109934
0.049908
0.067829
0.944461
0.054798
0.045107
0.057386
0.078764
0.919528
0.500307
0.056762
0.059902
0.89523
0.071894
0.882016
0.912271
0.044492
0.046562
0.916345
0.188542
0.045859
0.221608
0.145076
0.17027
0.17339
0.076385
0.909886
0.073162
0.079496
0.053849
0.073524
0.841005
0.28972
0.937838
0.150581
0.097784
0.071293
0.120845
0.087548
0.888847
0.086811
0.067184
0.260783
0.269379
0.803892
0.05954
0.827614
0.058267
0.053321
0.823729
0.04362
0.047515
0.056617
0.106317
0.889067
0.072838
0.931898
0.058445
0.952694
0.129612
0.045014
0.500084
0.060075
0.088738
0.859652
0.068017
0.909484
0.040969
0.116216
0.09307
0.093486
0.061435
0.054373
0.058516
0.083645
0.0697
0.125955
0.090354
0.963611
0.070922
0.903693
0.941916
0.159676
0.065493
0.055062
0.346174
0.057609
0.044986
0.106305
0.064619
0.876376
0.060113
0.070398
0.093334
0.05471
0.058158
0.075537
0.05512
0.063256
0.50931
0.102863
0.055618
0.077632
0.054194
0.059838
0.070755
0.918659
0.121894
0.721318
0.321307
0.808233
0.944076
0.240622
0.888186
0.069834
0.946117
0.16383
0.500538
0.090979
0.855323
0.061623
0.938097
0.186664
0.165854
0.067931
0.223726
0.915367
0.053233
0.085387
0.040874
0.655463
0.098717
0.093272
0.904585
0.101328
0.925758
0.819245
0.457766
0.059553
0.04763
0.06065
0.946771
0.912926
0.062156
0.071128
0.620733
0.060179
0.055727
0.047503
0.245731
0.83432
0.046243
0.92716
0.109018
0.059061
0.887723
0.076748
0.893001
0.871308
0.06089
0.040567
0.197586
0.053112
0.043099
0.943639
0.075504
0.062678
0.052117
0.192799
0.107605
0.055245
0.912774
0.89666
0.07799
0.076413
0.865736
0.143417
0.721436
0.79553
0.93966
0.130004
0.079061
0.838922
0.053081
0.082051
0.899049
0.937062
0.041621
0.133139
0.232464
0.15014
0.104941
0.216902
0.041136
0.079746
0.906276
0.287036
0.061477
0.125423
0.07794
0.807483
0.059339
0.943575
0.070132
0.078221
0.712157
0.91216
0.077248
0.229912
0.082893
0.044487
0.065241
0.05032
0.046668
0.073747
0.048069
0.047342
0.07583
0.277638
0.089617
0.058516
0.890029
0.060538
0.871483
0.081275
0.070573
0.913906
0.721318
0.651416
0.055305
0.071174
0.066651
0.562606
0.137429
0.063486
0.114934
0.061371
0.063329
0.063126
0.952416
0.526862
0.920271
0.934793
0.044537
0.86278
0.061934
0.071477
0.731632
0.117522
0.713102
0.845607
0.846722
0.082077
0.084105
0.702959
0.0616
0.053801
0.060069
0.110243
0.053069
0.063987
0.056996
0.525184
0.064212
0.061608
0.185241
0.104068
0.085231
0.12265
0.063322
0.489217
0.103425
0.241415
0.439597
0.088239
0.059551
0.100494
0.500052
0.656354
0.903215
0.946862
0.499834
0.251017
0.286969
0.887901
0.500345
0.173202
0.120565
0.436907
0.957925
0.902495
0.099817
0.864855
0.947503
0.597128
0.073638
0.057017
0.094809
0.818898
0.080081
0.06569
0.098602
0.084119
0.945346
0.056686
0.880365
0.076796
0.122394
0.500107
0.796549
0.067924
0.899651
0.196621
0.331744
0.05447
0.938723
0.069047
0.471003
0.054135
0.070913
0.109783
0.123263
0.793149
0.908379
0.050792
0.125431
0.880573
0.064167
0.09319
0.888107
0.085958
0.04511
0.937626
0.049391
0.929496
0.066959
0.930558
0.102313
0.077937
0.06876
0.050861
0.076812
0.069448
0.057519
0.058032
0.061293
0.928879
0.770379
0.093365
0.165682
0.062331
0.061004
0.048732
0.062983
0.11943
0.940084
0.038303
0.054785
0.072915
0.40532
0.223763
0.071383
0.062636
0.06784
0.048904
0.106371
0.087637
0.865527
0.882382
0.176505
0.053895
0.129742
0.306808
0.09228
0.147179
0.090879
0.55036
0.957174
0.058986
0.046658
0.789638
0.060785
0.883841
0.508155
0.160686
0.067906
0.059848
0.826418
0.079176
0.079699
0.909426
0.055095
0.051276
0.072637
0.07748
0.896238
0.058807
0.882743
0.045286
0.898992
0.086671
0.333644
0.046503
0.063835
0.199676
0.068983
0.051932
0.044639
0.860347
0.873684
0.520546
0.047836
0.096751
0.0819
0.909308
0.711451
0.766265
0.911659
0.939061
0.05085
0.125462
0.951887
0.060771
0.94967
0.057375
0.067486
0.670671
0.059404
0.831483
0.074687
0.076502
0.251673
0.049624
0.056013
0.064547
0.636652
0.896795
0.832205
0.078901
0.893751
0.453448
0.109666
0.074126
0.076978
0.120948
0.108803
0.0735
0.173357
0.927194
0.944117
0.054386
0.063852
0.500119
0.08273
0.551375
0.047852
0.905403
0.889536
0.826051
0.068275
0.084227
0.061771
0.09621
0.104616
0.953729
0.060232
0.926422
0.513228
0.050316
0.654433
0.875345
0.108527
0.049058
0.853786
0.961576
0.950705
0.500246
0.066731
0.062991
0.073142
0.931426
0.066712
0.06599
0.065735
0.833994
0.068081
0.811087
0.04703
0.499852
0.064204
0.133744
0.188426
0.105678
0.263343
0.824533
0.530166
0.841698
0.157774
0.640331
0.065404
0.086511
0.047986
0.561109
0.513943
0.068369
0.055203
0.048316
0.047505
0.054549
0.799762
0.192415
0.760759
0.828792
0.786724
0.056907
0.935732
0.050018
0.054607
0.045957
0.91457
0.065393
0.931212
0.815268
0.161348
0.074732
0.052215
0.056997
0.085171
0.186766
0.050929
0.500002
0.499762
0.052815
0.143449
0.906915
0.096994
0.906889
0.049291
0.065374
0.17057
0.148286
0.790521
0.858749
0.060377
0.057575
0.052114
0.084081
0.04594
0.538762
0.924808
0.052385
0.062654
0.892096
0.500338
0.500398
0.117031
0.075023
0.059083
0.079371
0.103098
0.058894
0.042061
0.058712
0.499948
0.05662
0.884638
0.074083
0.869133
0.06436
0.066039
0.100305
0.062694
0.05311
0.076031
0.051208
0.939206
0.927732
0.122038
0.68882
0.873665
0.799475
0.075582
0.763485
0.062894
0.055394
0.31385
0.372681
0.321791
0.055719
0.945087
0.054249
0.954594
0.113539
0.059597
0.046425
0.056404
0.084914
0.895934
0.068989
0.805858
0.738296
0.924471
0.084057
0.079148
0.050233
0.944362
0.057347
0.072213
0.074239
0.930637
0.061621
0.079289
0.500009
0.500426
0.853565
0.886719
0.047767
0.375426
0.059819
0.059823
0.05133
0.929154
0.082727
0.956557
0.28883
0.553301
0.089364
0.905087
0.766425
0.761728
0.906844
0.053434
0.070207
0.065074
0.098557
0.053003
0.908992
0.056393
0.046753
0.946534
0.051202
0.069783
0.928342
0.075775
0.090565
0.055941
0.066736
0.083765
0.893645
0.070961
0.919463
0.06373
0.925676
0.911279
0.211294
0.681386
0.072438
0.0516
0.05236
0.927389
0.064034
0.509474
0.056964
0.073694
0.927817
0.087717
0.946793
0.046334
0.950902
0.063288
0.04941
0.060403
0.907206
0.051141
0.048877
0.060113
0.060961
0.105564
0.072447
0.17603
0.874268
0.089699
0.058227
0.075489
0.944593
0.093964
0.081185
0.120523
0.279925
0.065011
0.055767
0.049621
0.77102
0.864869
0.070499
0.894198
0.905545
0.92275
0.899577
0.068971
0.05878
0.929232
0.068405
0.915369
0.763877
0.152141
0.946942
0.873664
0.048547
0.079103
0.93837
0.051001
0.070787
0.076412
0.298919
0.945945
0.082219
0.499977
0.437529
0.054762
0.090681
0.061931
0.095289
0.781476
0.044122
0.053605
0.064258
0.947753
0.371394
0.896553
0.133082
0.649339
0.933003
0.770972
0.057782
0.861634
0.875518
0.911372
0.500362
0.083451
0.057433
0.161526
0.514566
0.905059
0.730535
0.050676
0.052685
0.075102
0.896311
0.069455
0.0413
0.057307
0.896957
0.064963
0.084922
0.876575
0.903165
0.056094
0.917968
0.057749
0.126669
0.044067
0.098321
0.184636
0.077715
0.72235
0.926477
0.059387
0.839345
0.938655
0.050919
0.802679
0.480797
0.095772
0.662523
0.06139
0.110628
0.061272
0.083659
0.05392
0.056049
0.042003
0.09294
0.143928
0.068237
0.303422
0.772945
0.048163
0.889063
0.931971
0.941275
0.085302
0.060625
0.80118
0.04584
0.072736
0.816818
0.135587
0.062836
0.044225
0.242481
0.063425
0.048024
0.135362
0.82792
0.068377
0.891297
0.072273
0.082969
0.875689
0.086544
0.757773
0.039742
0.074239
0.154331
0.195755
0.140354
0.062595
0.235057
0.927822
0.866071
0.906077
0.068157
0.053601
0.500217
0.123243
0.098664
0.147103
0.052676
0.904601
0.074318
0.085621
0.068163
0.118126
0.954916
0.096401
0.098276
0.058526
0.058505
0.899961
0.119958
0.103192
0.072584
0.067239
0.750329
0.947169
0.928461
0.123783
0.057737
0.923326
0.125133
0.704455
0.179404
0.189849
0.056854
0.104957
0.068518
0.064588
0.946563
0.058754
0.940728
0.060425
0.12886
0.056455
0.056217
0.094868
0.918673
0.042006
0.085916
0.106823
0.919923
0.043559
0.886646
0.091301
0.915337
0.948773
0.070392
0.065821
0.927491
0.500321
0.058459
0.059416
0.929531
0.063874
0.067833
0.185015
0.935698
0.941159
0.057111
0.057279
0.500161
0.073882
0.047534
0.049772
0.085106
0.111595
0.132307
0.063836
0.055913
0.076671
0.060627
0.053364
0.065714
0.901093
0.893273
0.040545
0.159232
0.041727
0.829691
0.080746
0.064764
0.075084
0.066394
0.902688
0.054416
0.087114
0.945154
0.924473
0.063337
0.101163
0.077838
0.043723
0.928333
0.090144
0.811135
0.04914
0.07588
0.083693
0.953471
0.924569
0.048225
0.71748
0.953696
0.056668
0.873249
0.299275
0.07457
0.704999
0.083315
0.418274
0.107442
0.504954
0.090285
0.095573
0.855932
0.499968
0.217447
0.86429
0.08883
0.091137
0.939897
0.881324
0.363482
0.061585
0.632182
0.093572
0.089346
0.798458
0.089006
0.083863
0.087571
0.078664
0.814466
0.804184
0.068268
0.744541
0.061857
0.959716
0.068948
0.771917
0.067937
0.884632
0.925785
0.054805
0.927141
0.050217
0.074202
0.050395
0.062466
0.051473
0.912339
0.069065
0.938632
0.085767
0.747388
0.10467
0.063926
0.04881
0.137394
0.819524
0.615768
0.528218
0.638452
0.910238
0.055884
0.067295
0.093378
0.077898
0.076297
0.04619
0.416456
0.499815
0.054149
0.122864
0.86182
0.871993
0.060715
0.905315
0.059926
0.081468
0.929291
0.053672
0.049099
0.0771
0.05918
0.393086
0.081359
0.045576
0.94691
0.053721
0.882403
0.069278
0.957223
0.937133
0.90707
0.499898
0.098835
0.0626
0.045046
0.432106
0.079511
0.064169
0.894995
0.108357
0.085763
0.067375
0.095794
0.059283
0.952841
0.920678
0.048669
0.055959
0.217633
0.039918
0.507147
0.079993
0.072596
0.910267
0.672274
0.954804
0.865121
0.870181
0.954113
0.918431
0.164923
0.071754
0.538746
0.052341
0.099105
0.602405
0.056701
0.092704
0.841769
0.927564
0.084167
0.500291
0.070127
0.112862
0.083967
0.055309
0.121513
0.095125
0.053248
0.055902
0.450097
0.91069
0.941538
0.309266
0.069916
0.053892
0.049844
0.068774
0.055526
0.073617
0.708165
0.072572
0.059483
0.077765
0.051397
0.173541
0.044679
0.084376
0.183997
0.062281
0.047162
0.621322
0.932898
0.060074
0.94807
0.043833
0.495006
0.912092
0.912215
0.911097
0.900427
0.722335
0.103311
0.068887
0.216422
0.324931
0.342539
0.091389
0.095947
0.07343
0.236178
0.428245
0.116187
0.895455
0.06126
0.064939
0.917186
0.047811
0.203562
0.061257
0.051305
0.946185
0.853029
0.485869
0.295417
0.491068
0.560333
0.965444
0.88823
0.504889
0.079924
0.068032
0.064248
0.124203
0.232053
0.943815
0.833128
0.880003
0.134187
0.046613
0.062869
0.057601
0.908193
0.058679
0.043428
0.07525
0.058801
0.938534
0.063254
0.063117
0.058608
0.268542
0.100439
0.044805
0.911621
0.500244
0.052008
0.07373
0.325677
0.07188
0.225764
0.289225
0.294097
0.057124
0.04874
0.061259
0.876259
0.047115
0.901208
0.130649
0.512581
0.043795
0.889114
0.838516
0.29385
0.08334
0.873372
0.097572
0.049534
0.888104
0.043806
0.126281
0.841717
0.099957
0.498272
0.052343
0.842696
0.07374
0.913701
0.175254
0.077969
0.041931
0.873166
0.071537
0.793923
0.113036
0.815668
0.190406
0.051604
0.061676
0.090202
0.186411
0.045826
0.806604
0.435572
0.961441
0.915937
0.069679
0.500095
0.08641
0.065341
0.1867
0.935655
0.51256
0.044524
0.881995
0.931595
0.096093
0.079477
0.678325
0.062897
0.920736
0.891957
0.064721
0.681783
0.07331
0.903626
0.053853
0.499783
0.047725
0.067384
0.940621
0.048901
0.04877
0.061983
0.048878
0.091706
0.058753
0.066377
0.942893
0.915451
0.064661
0.849413
0.068645
0.787116
0.637895
0.186244
0.88595
0.075294
0.65035
0.076507
0.315649
0.895634
0.103328
0.049272
0.904898
0.050449
0.874976
0.95552
0.774876
0.055979
0.800421
0.84264
0.84973
0.056126
0.813092
0.058637
0.943474
0.92164
0.095156
0.064995
0.428106
0.065834
0.903077
0.083858
0.055448
0.905157
0.065014
0.072281
0.90393
0.080886
0.080591
0.519665
0.49971
0.107522
0.078578
0.823739
0.408779
0.125467
0.569002
0.149652
0.077792
0.071073
0.500044
0.91821
0.946035
0.065616
0.05067
0.846365
0.064005
0.921893
0.124679
0.580801
0.219204
0.052511
0.947588
0.122712
0.129529
0.899336
0.067579
0.045183
0.046534
0.103976
0.05523
0.049066
0.108843
0.048873
0.069446
0.095686
0.898225
0.056919
0.086022
0.270016
0.070689
0.093379
0.048773
0.045337
0.057621
0.583012
0.054683
0.051914
0.383321
0.047824
0.906797
0.431679
0.065975
0.949065
0.053354
0.206136
0.939819
0.930067
0.055782
0.059609
0.821886
0.057064
0.900262
0.074006
0.07064
0.93302
0.453593
0.071724
0.071517
0.06961
0.764783
0.050535
0.050578
0.074512
0.043418
0.054851
0.107412
0.879911
0.092117
0.080156
0.922113
0.470494
0.925834
0.046718
0.057039
0.141598
0.75406
0.053643
0.263472
0.043998
0.306369
0.827071
0.719231
0.850946
0.831301
0.06078
0.939423
0.143716
0.062532
0.879259
0.109565
0.0737
0.093868
0.053632
0.078995
0.044227
0.688629
0.625646
0.046398
0.735098
0.041211
0.839387
0.889669
0.88313
0.055448
0.153429
0.894472
0.934211
0.073998
0.386027
0.067865
0.048619
0.050901
0.953643
0.866245
0.066765
0.075602
0.089101
0.060857
0.071466
0.919475
0.059162
0.085997
0.935931
0.101293
0.064187
0.062463
0.888058
0.068262
0.116647
0.881285
0.100809
0.072764
0.769411
0.078048
0.831203
0.241313
0.07179
0.342993
0.064338
0.054269
0.058491
0.22249
0.108895
0.133362
0.084166
0.080341
0.89434
0.069986
0.920187
0.0462
0.420162
0.075903
0.045926
0.319742
0.060193
0.061721
0.949177
0.049502
0.912609
0.057813
0.079423
0.130162
0.093716
0.109278
0.088823
0.552954
0.086417
0.052361
0.086439
0.050162
0.279914
0.078123
0.070391
0.918492
0.048775
0.069058
0.730167
0.078692
0.049755
0.043069
0.043821
0.165986
0.078941
0.866153
0.057622
0.931857
0.043436
0.142064
0.04753
0.109043
0.050034
0.049391
0.057441
0.931811
0.074715
0.875482
0.047138
0.115679
0.060724
0.953878
0.072523
0.87576
0.049262
0.065125
0.058509
0.125705
0.053416
0.125849
0.047388
0.066186
0.102228
0.067883
0.047455
0.618841
0.934086
0.119102
0.945783
0.467386
0.095633
0.269693
0.094682
0.074826
0.908351
0.877271
0.118391
0.925297
0.742375
0.080933
0.076069
0.069092
0.300649
0.200678
0.329316
0.926717
0.148999
0.06418
0.075394
0.089985
0.055306
0.079207
0.065137
0.579888
0.055814
0.11122
0.864482
0.478691
0.499676
0.051747
0.041762
0.939785
0.05546
0.061948
0.947215
0.059424
0.058978
0.096008
0.537883
0.118034
0.928508
0.690793
0.074399
0.858626
0.049602
0.088685
0.079721
0.053951
0.057655
0.059399
0.066925
0.889217
0.071891
0.083262
0.931348
0.276395
0.128907
0.88553
0.108709
0.058508
0.053816
0.049613
0.073516
0.076869
0.920972
0.90366
0.802782
0.886859
0.795731
0.931088
0.091128
0.065159
0.286835
0.941931
0.067404
0.216725
0.135528
0.710449
0.957621
0.047507
0.944514
0.06252
0.521828
0.053066
0.069052
0.922867
0.935061
0.917201
0.911369
0.05327
0.051252
0.836692
0.391162
0.06743
0.068638
0.08711
0.055233
0.90906
0.070903
0.060054
0.962104
0.0669
0.071084
0.059665
0.059324
0.856183
0.833623
0.907374
0.055462
0.574494
0.056677
0.066215
0.102888
0.066355
0.946314
0.934496
0.500272
0.077899
0.344104
0.067534
0.930299
0.103051
0.133696
0.912261
0.135663
0.048524
0.086057
0.053097
0.085265
0.069029
0.058875
0.942652
0.152556
0.897447
0.058616
0.947197
0.475335
0.943216
0.370305
0.049021
0.082934
0.7374
0.938766
0.055989
0.917542
0.870463
0.602997
0.219131
0.053879
0.832913
0.050157
0.092503
0.149627
0.957432
0.229674
0.918571
0.054832
0.061637
0.800456
0.063101
0.044749
0.056986
0.847723
0.119906
0.15475
0.044319
0.058356
0.112929
0.920014
0.076327
0.520237
0.077772
0.052292
0.059103
0.926405
0.885894
0.944374
0.777672
0.151009
0.088553
0.068544
0.057105
0.079221
0.044246
0.365316
0.050127
0.964349
0.940752
0.085477
0.042494
0.054013
0.899946
0.808563
0.079452
0.095607
0.572835
0.932207
0.060111
0.916189
0.917341
0.8847
0.071773
0.858937
0.106716
0.061663
0.068049
0.967038
0.099893
0.049106
0.049981
0.050862
0.890669
0.061453
0.07983
0.817319
0.930437
0.924901
0.055258
0.624009
0.095824
0.048492
0.100666
0.102683
0.935903
0.059792
0.878981
0.100731
0.284002
0.07236
0.094272
0.048384
0.171933
0.892644
0.856594
0.064017
0.089224
0.056936
0.073002
0.928912
0.064169
0.072148
0.065702
0.526432
0.046651
0.500282
0.500361
0.063445
0.147165
0.054072
0.941208
0.052947
0.098764
0.270749
0.950381
0.106771
0.053599
0.332464
0.058515
0.062505
0.886851
0.054213
0.499954
0.070318
0.962686
0.069383
0.084654
0.139519
0.062322
0.062428
0.112315
0.091968
0.380355
0.064465
0.060944
0.066622
0.93043
0.098394
0.056916
0.834862
0.046102
0.048705
0.06189
0.827963
0.068572
0.806827
0.053253
0.925875
0.082001
0.362836
0.060702
0.943043
0.091818
0.07086
0.063189
0.88622
0.100411
0.049294
0.100597
0.063768
0.08819
0.047333
0.423175
0.904034
0.868028
0.097228
0.712293
0.635461
0.332794
0.066465
0.181191
0.063614
0.714218
0.739462
0.099357
0.239963
0.104487
0.93492
0.063463
0.081183
0.869798
0.073842
0.063307
0.937453
0.083608
0.06992
0.499665
0.392022
0.640214
0.04237
0.049567
0.077671
0.168259
0.113323
0.048908
0.912047
0.076219
0.346799
0.073377
0.10427
0.129197
0.058108
0.05457
0.061901
0.088702
0.064956
0.10085
0.860973
0.095419
0.093586
0.624468
0.609592
0.898389
0.932304
0.961577
0.049832
0.057551
0.904177
0.055197
0.890067
0.114043
0.055599
0.074726
0.059569
0.076385
0.76023
0.046221
0.91598
0.05053
0.958523
0.062565
0.071497
0.05369
0.070553
0.049088
0.043372
0.056674
0.041868
0.048864
0.268377
0.934954
0.048742
0.861478
0.598684
0.049817
0.091085
0.897293
0.115368
0.061181
0.859365
0.358019
0.07619
0.076723
0.054771
0.674635
0.956759
0.168635
0.121935
0.065857
0.132105
0.342845
0.845455
0.921153
0.737472
0.846044
0.372232
0.046335
0.929213
0.062266
0.065531
0.929414
0.067437
0.055221
0.064589
0.05996
0.082542
0.917377
0.243297
0.950531
0.068488
0.936148
0.060138
0.952481
0.901109
0.771387
0.103947
0.872651
0.907948
0.760099
0.060659
0.057976
0.297585
0.046557
0.071406
0.064875
0.05329
0.059545
0.760442
0.893273
0.055014
0.05499
0.079229
0.92726
0.058236
0.050333
0.052066
0.754362
0.933463
0.081275
0.045475
0.050965
0.130378
0.09159
0.052106
0.500166
0.686906
0.500192
0.942685
0.896221
0.066282
0.066661
0.920615
0.057727
0.079769
0.941769
0.057163
0.741621
0.125799
0.941737
0.382344
0.066654
0.055947
0.045211
0.073759
0.080168
0.072698
0.108191
0.212687
0.058757
0.800783
0.110041
0.07709
0.388596
0.06916
0.177225
0.911416
0.897396
0.147419
0.890217
0.923857
0.052962
0.34002
0.892053
0.123426
0.936662
0.942487
0.064815
0.112673
0.088077
0.935765
0.071111
0.907608
0.052151
0.888408
0.083273
0.90437
0.050341
0.040416
0.095194
0.846725
0.056692
0.048573
0.071063
0.923108
0.927657
0.919647
0.938476
0.203746
0.055853
0.333424
0.093712
0.93625
0.921008
0.075174
0.819877
0.918425
0.379677
0.069721
0.234576
0.929499
0.073186
0.051911
0.080615
0.054954
0.085762
0.458846
0.092283
0.051859
0.937375
0.076372
0.819046
0.075163
0.236063
0.92212
0.081816
0.050099
0.053124
0.066732
0.702596
0.258236
0.045982
0.089784
0.05409
0.176184
0.941507
0.101668
0.051833
0.068972
0.049231
0.07528
0.050146
0.803046
0.924226
0.610705
0.086016
0.914342
0.053341
0.075511
0.050552
0.136924
0.11713
0.922605
0.656005
0.911991
0.134004
0.875739
0.16091
0.05878
0.941503
0.916311
0.093472
0.052419
0.953914
0.087651
0.865586
0.095446
0.052374
0.05202
0.919766
0.173158
0.11009
0.059101
0.060943
0.05754
0.038733
0.046587
0.189829
0.85273
0.83445
0.921433
